Date Confirmed Deaths Recovered Active
2020-01-22 0 0 0 0
2020-01-23 0 0 0 0
2020-01-24 0 0 0 0
2020-01-25 0 0 0 0
2020-01-26 4 0 0 4
2020-01-27 5 0 0 5
2020-01-28 5 0 0 5
2020-01-29 6 0 0 6
2020-01-30 9 0 2 7
2020-01-31 9 0 2 7
2020-02-01 12 0 2 10
2020-02-02 12 0 2 10
2020-02-03 12 0 2 10
2020-02-04 13 0 2 11
2020-02-05 13 0 2 11
2020-02-06 14 0 2 12
2020-02-07 15 0 2 13
2020-02-08 15 0 2 13
2020-02-09 15 0 2 13
2020-02-10 15 0 2 13
2020-02-11 15 0 2 13
2020-02-12 15 0 2 13
2020-02-13 15 0 8 7
2020-02-14 15 0 8 7
2020-02-15 15 0 8 7
2020-02-16 15 0 8 7
2020-02-17 15 0 10 5
2020-02-18 15 0 10 5
2020-02-19 15 0 10 5
2020-02-20 15 0 10 5
2020-02-21 15 0 11 4
2020-02-22 15 0 11 4
2020-02-23 15 0 11 4
2020-02-24 15 0 11 4
2020-02-25 15 0 11 4
2020-02-26 15 0 11 4
2020-02-27 15 0 11 4
2020-02-28 15 0 11 4
2020-02-29 25 0 11 14
2020-03-01 27 1 11 15
2020-03-02 30 1 11 18
2020-03-03 39 1 11 27
2020-03-04 52 2 11 39
2020-03-05 55 2 21 32
2020-03-06 60 2 21 37
2020-03-07 63 2 21 40
2020-03-08 76 3 21 52
2020-03-09 91 3 21 67
2020-03-10 107 3 21 83
2020-03-11 128 3 21 104
2020-03-12 128 3 21 104
2020-03-13 200 3 23 174
2020-03-14 250 3 23 224
2020-03-15 297 3 23 271
2020-03-16 377 3 23 351
2020-03-17 452 5 23 424
2020-03-18 568 6 23 539
2020-03-19 681 6 26 649
2020-03-20 791 7 26 758
2020-03-21 1071 7 26 1038
2020-03-22 1549 7 88 1454
2020-03-23 1682 7 88 1587
2020-03-24 2044 8 115 1921
2020-03-25 2364 8 119 2237
2020-03-26 2810 13 172 2625
2020-03-27 3143 13 194 2936
2020-03-28 3640 14 244 3382
2020-03-29 3984 16 244 3724
2020-03-30 4361 17 257 4087
2020-03-31 4559 18 358 4183
2020-04-01 4862 20 422 4420
2020-04-02 5116 24 520 4572
2020-04-03 5330 28 649 4653
2020-04-04 5550 30 701 4819
2020-04-05 5687 35 757 4895
2020-04-06 5797 40 1080 4677
2020-04-07 5895 45 1080 4770
2020-04-08 6010 50 1080 4880
2020-04-09 6108 51 1472 4585
2020-04-10 6215 54 1793 4368
2020-04-11 6303 57 1806 4440
2020-04-12 6315 60 1806 4449
2020-04-13 6351 61 1806 4484
2020-04-14 6415 62 2186 4167
2020-04-15 6440 63 2186 4191
2020-04-16 6462 63 2355 4044
2020-04-17 6522 66 3808 2648
2020-04-18 6568 67 4124 2377
2020-04-19 6610 67 4124 2419
2020-04-20 6623 67 4291 2265
2020-04-21 6645 67 4695 1883
2020-04-22 6652 67 4932 1653
2020-04-23 6662 75 5047 1540
2020-04-24 6677 79 5136 1462
2020-04-25 6694 80 5376 1238
2020-04-26 6714 83 5541 1090
2020-04-27 6721 83 5588 1050
2020-04-28 6744 89 5665 990
2020-04-29 6752 91 5715 946
2020-04-30 6766 93 5742 931
2020-05-01 6778 93 5775 910
2020-05-02 6799 94 5814 891
2020-05-03 6822 95 5849 878
2020-05-04 6847 96 5887 864
2020-05-05 6875 97 5975 803
2020-05-06 6894 97 6031 766
2020-05-07 6913 97 6078 738
2020-05-08 6918 97 6122 699
2020-05-09 6939 97 6141 701
2020-05-10 6948 97 6167 684
2020-05-11 6970 97 6213 660
2020-05-12 6980 98 6270 612
2020-05-13 6989 98 6297 594
2020-05-14 7019 98 6334 587
2020-05-15 7035 98 6359 578
2020-05-16 7044 98 6364 582
2020-05-17 7054 99 6392 563
2020-05-18 7068 99 6413 556
2020-05-19 7072 100 6431 541
2020-05-20 7081 100 6470 511
2020-05-21 7095 101 6478 516
2020-05-22 7099 101 6485 513
2020-05-23 7114 102 6508 504
2020-05-24 7114 102 6531 481
2020-05-25 7126 102 6552 472
2020-05-26 7139 103 6560 476
2020-05-27 7150 103 6579 468
2020-05-28 7165 103 6576 486
2020-05-29 7184 103 6605 476
2020-05-30 7192 103 6614 475
2020-05-31 7202 103 6618 481
2020-06-01 7221 102 6626 493
2020-06-02 7229 102 6636 491
2020-06-03 7240 102 6648 490
2020-06-04 7247 102 6683 462
2020-06-05 7252 102 6688 462
2020-06-06 7259 102 6703 454
2020-06-07 7265 102 6706 457
2020-06-08 7267 102 6720 445
2020-06-09 7274 102 6740 432
2020-06-10 7285 102 6759 424
2020-06-11 7289 102 6782 405
2020-06-12 7294 102 6803 389
2020-06-13 7320 102 6838 380
2020-06-14 7335 102 6851 382
2020-06-15 7347 102 6856 389
2020-06-16 7370 102 6861 407
2020-06-17 7391 102 6877 412
2020-06-18 7409 102 6878 429
2020-06-19 7411 102 6881 428
2020-06-20 7461 102 6896 463
2020-06-21 7474 102 6903 469
2020-06-22 7492 102 6915 475
2020-06-23 7521 103 6924 494
2020-06-24 7558 104 6931 523
2020-06-25 7595 104 6958 533
2020-06-26 7601 104 6960 537
2020-06-27 7686 104 6993 589
2020-06-28 7764 104 7007 653
2020-06-29 7834 104 7037 693
2020-06-30 7920 104 7040 776
2020-07-01 8001 104 7090 807
2020-07-02 8066 104 7130 832
2020-07-03 8260 104 7319 837
2020-07-04 8443 104 7399 940
2020-07-05 8583 106 7420 1057
2020-07-06 8755 106 7455 1194
2020-07-07 8886 106 7487 1293
2020-07-08 9056 106 7573 1377
2020-07-09 9374 106 7576 1692
2020-07-10 9553 107 7733 1713
2020-07-11 9797 108 7727 1962
2020-07-12 9980 132 7769 2079
2020-07-13 10251 108 7835 2308
2020-07-14 10487 138 7928 2421
2020-07-15 10810 113 8035 2662
2020-07-16 11233 116 8114 3003
2020-07-17 11441 118 8162 3161
2020-07-18 11802 122 8274 3406
2020-07-19 12069 123 8395 3551
2020-07-20 12428 126 8398 3904
2020-07-21 12894 128 8545 4221
2020-07-22 13302 133 8770 4399
2020-07-23 13595 139 8775 4681
2020-07-24 13950 145 8938 4867
2020-07-25 14403 155 9019 5229
2020-07-26 14935 161 9174 5600
2020-07-27 15303 167 9311 5825
2020-07-28 15582 176 9617 5789
2020-07-29 16298 189 9619 6490
2020-07-30 16903 196 9759 6948
2020-07-31 17280 201 9983 7096
2020-08-01 17895 208 10204 7483
2020-08-02 18318 221 10622 7475
2020-08-03 18730 232 10623 7875
2020-08-04 19445 247 10799 8399
2020-08-05 19890 255 10941 8694
2020-08-06 20272 266 11119 8887
2020-08-07 20698 278 11560 8860
2020-08-08 21084 295 11874 8915
2020-08-09 21397 313 11876 9208
2020-08-10 21713 331 12144 9238
2020-08-11 22127 352 12395 9380
2020-08-12 22358 361 12779 9218
2020-08-13 22742 375 13001 9366
2020-08-14 23035 379 13632 9024
2020-08-15 23287 396 13635 9256
2020-08-16 23558 421 14085 9052
2020-08-17 23773 438 14538 8797
2020-08-18 23989 450 14929 8610
2020-08-19 24236 463 15249 8524
2020-08-20 24407 472 17854 6081
2020-08-21 24602 485 18460 5657
2020-08-22 24811 502 18760 5549
2020-08-23 24915 517 19233 5165
2020-08-24 25053 525 19603 4925
2020-08-25 25204 549 20100 4555
2020-08-26 25322 572 20101 4649
2020-08-27 25448 583 20367 4498
2020-08-28 25547 600 20633 4314
2020-08-29 25670 611 20860 4199
2020-08-30 25746 652 21116 3978
2020-08-31 25819 657 21350 3812
2020-09-01 25923 663 21689 3571
2020-09-02 26049 678 21692 3679
2020-09-03 26136 737 21914 3485
2020-09-04 26207 748 22172 3287
2020-09-05 26278 753 22330 3195
2020-09-06 26321 762 22467 3092
2020-09-07 26373 770 22604 2999
2020-09-08 26465 781 22725 2959
2020-09-09 26524 788 22863 2873
2020-09-10 26564 797 23039 2728
2020-09-11 26607 803 23329 2475
2020-09-12 26651 810 23340 2501
2020-09-13 26692 816 23465 2411
2020-09-14 26739 816 23579 2344
2020-09-15 26778 824 23652 2302
2020-09-16 26813 832 23792 2189
2020-09-17 26861 837 23854 2170
2020-09-18 26885 844 23861 2180
2020-09-19 26898 849 23968 2081
2020-09-20 26912 851 24063 1998
2020-09-21 26942 854 24157 1931
2020-09-22 26972 859 24331 1782
2020-09-23 26980 861 24448 1671
2020-09-24 27000 869 24523 1608
2020-09-25 27016 870 24523 1623
2020-09-26 27040 872 24573 1595
2020-09-27 27044 875 24633 1536
2020-09-28 27055 882 24681 1492
2020-09-29 27078 886 24752 1440
2020-09-30 27096 888 24784 1424
2020-10-01 27109 890 24788 1431
2020-10-02 27121 893 24850 1378
2020-10-03 27135 894 24866 1375
2020-10-04 27148 894 24890 1364
2020-10-05 27173 895 24892 1386
2020-10-06 27181 897 24917 1367
2020-10-07 27206 897 24939 1370
2020-10-08 27226 897 24971 1358
2020-10-09 27244 897 24987 1360
2020-10-10 27263 898 24987 1378
2020-10-11 27285 898 25000 1387
2020-10-12 27310 899 25029 1382
2020-10-13 27337 904 25046 1387
2020-10-14 27357 904 25047 1406
2020-10-15 27371 904 25062 1405
2020-10-16 27378 904 25097 1377
2020-10-17 27390 904 25098 1388
2020-10-18 27399 905 25108 1386
2020-10-19 27405 905 25112 1388
2020-10-20 27443 905 25125 1413
2020-10-21 27458 905 25148 1405
2020-10-22 27476 905 25161 1410
2020-10-23 27495 905 25173 1417
2020-10-24 27513 905 25179 1429
2020-10-25 27525 905 25196 1424
2020-10-26 27539 905 25212 1422
2020-10-27 27553 907 25219 1427
2020-10-28 27565 907 25231 1427
2020-10-29 27579 907 25239 1433
2020-10-30 27585 907 25321 1357
2020-10-31 27595 907 25336 1352
2020-11-01 27601 907 25352 1342
2020-11-02 27610 907 25384 1319
2020-11-03 27622 907 25407 1308
2020-11-04 27630 907 25418 1305
2020-11-05 27644 907 25427 1310
2020-11-06 27652 907 25440 1305
2020-11-07 27658 907 25451 1300
2020-11-08 27665 907 25451 1307
2020-11-09 27669 907 25454 1308
2020-11-10 27671 907 25454 1310
2020-11-11 27675 907 25455 1313
2020-11-12 27676 907 25459 1310
2020-11-13 27682 907 25463 1312
2020-11-14 27711 907 25467 1337
2020-11-15 27749 907 25468 1374
2020-11-16 27758 907 25499 1352
2020-11-17 27777 907 25505 1365
2020-11-18 27785 907 25507 1371
2020-11-19 27792 907 25511 1374
2020-11-20 27806 907 25521 1378
2020-11-21 27821 907 25522 1392
2020-11-22 27834 907 25527 1400
2020-11-23 27843 907 25533 1403
2020-11-24 27853 907 25539 1407
2020-11-25 27865 907 25547 1411
2020-11-26 27873 907 25570 1396
2020-11-27 27886 907 25585 1394
2020-11-28 27892 907 25588 1397
2020-11-29 27902 908 25592 1402
2020-11-30 27912 908 25602 1402
2020-12-01 27923 908 25606 1409
2020-12-02 27939 908 25614 1417
