Date Confirmed Deaths Recovered Active
2020-01-22 0 0 0 0
2020-01-23 0 0 0 0
2020-01-24 0 0 0 0
2020-01-25 0 0 0 0
2020-01-26 0 0 0 0
2020-01-27 0 0 0 0
2020-01-28 0 0 0 0
2020-01-29 0 0 0 0
2020-01-30 0 0 0 0
2020-01-31 0 0 0 0
2020-02-01 0 0 0 0
2020-02-02 0 0 0 0
2020-02-03 0 0 0 0
2020-02-04 0 0 0 0
2020-02-05 0 0 0 0
2020-02-06 0 0 0 0
2020-02-07 0 0 0 0
2020-02-08 0 0 0 0
2020-02-09 0 0 0 0
2020-02-10 0 0 0 0
2020-02-11 0 0 0 0
2020-02-12 0 0 0 0
2020-02-13 0 0 0 0
2020-02-14 0 0 0 0
2020-02-15 0 0 0 0
2020-02-16 0 0 0 0
2020-02-17 0 0 0 0
2020-02-18 0 0 0 0
2020-02-19 0 0 0 0
2020-02-20 0 0 0 0
2020-02-21 0 0 0 0
2020-02-22 0 0 0 0
2020-02-23 0 0 0 0
2020-02-24 0 0 0 0
2020-02-25 0 0 0 0
2020-02-26 0 0 0 0
2020-02-27 0 0 0 0
2020-02-28 0 0 0 0
2020-02-29 0 0 0 0
2020-03-01 0 0 0 0
2020-03-02 0 0 0 0
2020-03-03 0 0 0 0
2020-03-04 0 0 0 0
2020-03-05 0 0 0 0
2020-03-06 0 0 0 0
2020-03-07 0 0 0 0
2020-03-08 0 0 0 0
2020-03-09 0 0 0 0
2020-03-10 0 0 0 0
2020-03-11 0 0 0 0
2020-03-12 0 0 0 0
2020-03-13 0 0 0 0
2020-03-14 0 0 0 0
2020-03-15 0 0 0 0
2020-03-16 0 0 0 0
2020-03-17 0 0 0 0
2020-03-18 0 0 0 0
2020-03-19 0 0 0 0
2020-03-20 0 0 0 0
2020-03-21 0 0 0 0
2020-03-22 0 0 0 0
2020-03-23 0 0 0 0
2020-03-24 0 0 0 0
2020-03-25 0 0 0 0
2020-03-26 0 0 0 0
2020-03-27 0 0 0 0
2020-03-28 0 0 0 0
2020-03-29 0 0 0 0
2020-03-30 3 0 0 3
2020-03-31 4 1 0 3
2020-04-01 4 1 0 3
2020-04-02 4 1 0 3
2020-04-03 4 1 0 3
2020-04-04 4 1 0 3
2020-04-05 6 1 0 5
2020-04-06 6 1 0 5
2020-04-07 6 1 0 5
2020-04-08 6 1 0 5
2020-04-09 13 1 0 12
2020-04-10 13 1 0 12
2020-04-11 13 1 0 12
2020-04-12 13 1 0 12
2020-04-13 13 1 0 12
2020-04-14 13 1 0 12
2020-04-15 13 1 0 12
2020-04-16 15 1 0 14
2020-04-17 15 1 0 14
2020-04-18 15 1 0 14
2020-04-19 20 1 0 19
2020-04-20 20 1 0 19
2020-04-21 20 1 0 19
2020-04-22 22 1 0 21
2020-04-23 22 1 0 21
2020-04-24 22 1 0 21
2020-04-25 22 1 0 21
2020-04-26 22 1 0 21
2020-04-27 22 1 0 21
2020-04-28 23 1 0 22
2020-04-29 23 1 5 17
2020-04-30 23 1 5 17
2020-05-01 23 1 8 14
2020-05-02 23 1 8 14
2020-05-03 23 1 8 14
2020-05-04 23 1 8 14
2020-05-05 23 1 8 14
2020-05-06 23 1 8 14
2020-05-07 23 1 9 13
2020-05-08 23 1 9 13
2020-05-09 23 1 12 10
2020-05-10 23 1 12 10
2020-05-11 24 1 12 11
2020-05-12 24 1 17 6
2020-05-13 24 1 17 6
2020-05-14 24 1 17 6
2020-05-15 24 1 17 6
2020-05-16 24 1 17 6
2020-05-17 25 1 17 7
2020-05-18 25 1 17 7
2020-05-19 25 1 17 7
2020-05-20 25 1 17 7
2020-05-21 29 1 19 9
2020-05-22 30 1 19 10
2020-05-23 30 1 19 10
2020-05-24 35 1 19 15
2020-05-25 35 1 19 15
2020-05-26 35 1 20 14
2020-05-27 35 1 20 14
2020-05-28 35 1 20 14
2020-05-29 35 1 20 14
2020-05-30 35 1 20 14
2020-05-31 35 1 20 14
2020-06-01 38 1 20 17
2020-06-02 40 1 23 16
2020-06-03 40 1 23 16
2020-06-04 40 1 23 16
2020-06-05 40 1 23 16
2020-06-06 40 1 23 16
2020-06-07 40 1 23 16
2020-06-08 42 1 24 17
2020-06-09 42 1 24 17
2020-06-10 48 1 24 23
2020-06-11 48 1 24 23
2020-06-12 48 1 24 23
2020-06-13 60 1 24 35
2020-06-14 60 1 24 35
2020-06-15 60 1 24 35
2020-06-16 60 1 24 35
2020-06-17 79 1 25 53
2020-06-18 79 1 25 53
2020-06-19 89 1 25 63
2020-06-20 89 1 25 63
2020-06-21 89 1 25 63
2020-06-22 89 1 25 63
2020-06-23 89 1 25 63
2020-06-24 92 1 25 66
2020-06-25 92 1 25 66
2020-06-26 92 1 25 66
2020-06-27 92 1 25 66
2020-06-28 92 1 25 66
2020-06-29 175 1 25 149
2020-06-30 227 1 28 198
2020-07-01 227 1 28 198
2020-07-02 227 1 28 198
2020-07-03 277 1 29 247
2020-07-04 277 1 29 247
2020-07-05 277 1 29 247
2020-07-06 314 1 31 282
2020-07-07 314 1 31 282
2020-07-08 314 1 31 282
2020-07-09 314 1 31 282
2020-07-10 314 1 31 282
2020-07-11 314 1 31 282
2020-07-12 399 1 38 360
2020-07-13 399 1 38 360
2020-07-14 399 1 38 360
2020-07-15 399 1 38 360
2020-07-16 522 1 48 473
2020-07-17 522 1 48 473
2020-07-18 522 1 48 473
2020-07-19 522 1 48 473
2020-07-20 522 1 48 473
2020-07-21 522 1 48 473
2020-07-22 522 1 48 473
2020-07-23 592 1 48 543
2020-07-24 686 1 52 633
2020-07-25 686 1 52 633
2020-07-26 686 1 52 633
2020-07-27 739 2 63 674
2020-07-28 739 2 63 674
2020-07-29 804 2 63 739
2020-07-30 804 2 63 739
2020-07-31 804 2 63 739
2020-08-01 804 2 63 739
2020-08-02 804 2 63 739
2020-08-03 804 2 63 739
2020-08-04 804 2 63 739
2020-08-05 804 2 63 739
2020-08-06 804 2 63 739
2020-08-07 804 2 63 739
2020-08-08 804 2 63 739
2020-08-09 804 2 63 739
2020-08-10 1066 2 80 984
2020-08-11 1066 2 80 984
2020-08-12 1066 2 80 984
2020-08-13 1214 3 120 1091
2020-08-14 1214 3 120 1091
2020-08-15 1214 3 120 1091
2020-08-16 1214 3 120 1091
2020-08-17 1308 3 136 1169
2020-08-18 1308 3 136 1169
2020-08-19 1308 3 136 1169
2020-08-20 1308 3 136 1169
2020-08-21 1308 3 136 1169
2020-08-22 1308 3 136 1169
2020-08-23 1308 3 136 1169
2020-08-24 1562 3 199 1360
2020-08-25 1562 3 199 1360
2020-08-26 1562 3 199 1360
2020-08-27 1562 3 199 1360
2020-08-28 1562 3 199 1360
2020-08-29 1562 3 199 1360
2020-08-30 1633 6 224 1403
2020-08-31 1633 6 224 1403
2020-09-01 1724 6 493 1225
2020-09-02 1724 6 493 1225
2020-09-03 1724 6 493 1225
2020-09-04 2002 8 493 1501
2020-09-05 2002 8 493 1501
2020-09-06 2002 8 493 1501
2020-09-07 2126 9 493 1624
2020-09-08 2126 9 493 1624
2020-09-09 2126 9 493 1624
2020-09-10 2252 10 546 1696
2020-09-11 2252 10 546 1696
2020-09-12 2252 10 546 1696
2020-09-13 2252 10 546 1696
2020-09-14 2463 11 575 1877
2020-09-15 2463 11 575 1877
2020-09-16 2463 11 575 1877
2020-09-17 2567 13 624 1930
2020-09-18 2567 13 624 1930
2020-09-19 2567 13 624 1930
2020-09-20 2567 13 624 1930
2020-09-21 2567 13 624 1930
2020-09-22 2567 13 624 1930
2020-09-23 2567 13 624 1930
2020-09-24 2921 16 701 2204
2020-09-25 2921 16 701 2204
2020-09-26 2921 16 701 2204
2020-09-27 2921 16 701 2204
2020-09-28 3172 16 710 2446
2020-09-29 3172 16 710 2446
2020-09-30 3172 16 710 2446
2020-10-01 3172 16 710 2446
2020-10-02 3172 16 710 2446
2020-10-03 3172 16 710 2446
2020-10-04 3172 16 710 2446
2020-10-05 3172 16 710 2446
2020-10-06 3172 18 834 2320
2020-10-07 3172 18 834 2320
2020-10-08 3219 18 834 2367
2020-10-09 3219 18 834 2367
2020-10-10 3219 18 834 2367
2020-10-11 3219 18 834 2367
2020-10-12 3515 20 853 2642
2020-10-13 3515 20 853 2642
2020-10-14 3515 20 853 2642
2020-10-15 3914 20 905 2989
2020-10-16 5242 20 905 4317
2020-10-17 5242 20 905 4317
2020-10-18 5242 20 905 4317
2020-10-19 5609 21 915 4673
2020-10-20 5609 21 915 4673
2020-10-21 5609 21 915 4673
2020-10-22 5923 21 927 4975
2020-10-23 5923 21 927 4975
2020-10-24 5923 21 927 4975
2020-10-25 5923 21 927 4975
2020-10-26 6283 21 4438 1824
2020-10-27 6283 21 4438 1824
2020-10-28 6283 21 4438 1824
2020-10-29 6642 24 4676 1942
2020-10-30 6642 24 4676 1942
2020-10-31 6642 24 4676 1942
2020-11-01 6642 24 4676 1942
2020-11-02 6642 24 4676 1942
2020-11-03 6642 24 4676 1942
2020-11-04 6642 24 4676 1942
2020-11-05 7835 27 5534 2274
2020-11-06 7835 27 5534 2274
2020-11-07 7835 27 5534 2274
2020-11-08 7835 27 5534 2274
2020-11-09 7835 27 5534 2274
2020-11-10 7835 27 5534 2274
2020-11-11 7835 27 5534 2274
2020-11-12 8225 27 5559 2639
2020-11-13 8225 27 5559 2639
2020-11-14 8225 27 5559 2639
2020-11-15 8225 27 5559 2639
2020-11-16 9103 30 6801 2272
2020-11-17 9103 30 6801 2272
2020-11-18 9103 30 6801 2272
2020-11-19 9594 31 7296 2267
2020-11-20 9594 31 7296 2267
2020-11-21 9594 31 7296 2267
2020-11-22 9594 31 7296 2267
2020-11-23 9992 31 7692 2269
