Date Confirmed Deaths Recovered Active
2020-01-22 0 0 0 0
2020-01-23 0 0 0 0
2020-01-24 0 0 0 0
2020-01-25 0 0 0 0
2020-01-26 1 0 0 1
2020-01-27 1 0 0 1
2020-01-28 2 0 0 2
2020-01-29 2 0 0 2
2020-01-30 2 0 0 2
2020-01-31 4 0 0 4
2020-02-01 4 0 0 4
2020-02-02 4 0 0 4
2020-02-03 4 0 0 4
2020-02-04 4 0 0 4
2020-02-05 5 0 0 5
2020-02-06 5 0 0 5
2020-02-07 7 0 0 7
2020-02-08 7 0 0 7
2020-02-09 7 0 0 7
2020-02-10 7 0 0 7
2020-02-11 7 0 0 7
2020-02-12 7 0 2 5
2020-02-13 7 0 2 5
2020-02-14 7 0 2 5
2020-02-15 7 0 2 5
2020-02-16 7 0 2 5
2020-02-17 8 0 2 6
2020-02-18 8 0 2 6
2020-02-19 8 0 1 7
2020-02-20 8 0 2 6
2020-02-21 9 0 6 3
2020-02-22 9 0 6 3
2020-02-23 9 0 6 3
2020-02-24 10 0 6 4
2020-02-25 11 0 6 5
2020-02-26 11 0 6 5
2020-02-27 13 0 12 1
2020-02-28 14 0 12 2
2020-02-29 20 0 12 8
2020-03-01 24 0 12 12
2020-03-02 27 0 6 21
2020-03-03 30 0 6 24
2020-03-04 33 0 12 21
2020-03-05 37 0 12 25
2020-03-06 49 0 12 37
2020-03-07 54 0 16 38
2020-03-08 64 0 16 48
2020-03-09 77 1 16 60
2020-03-10 79 1 16 62
2020-03-11 108 1 16 91
2020-03-12 117 1 16 100
2020-03-13 193 1 16 176
2020-03-14 198 1 16 181
2020-03-15 252 1 8 243
2020-03-16 415 4 18 393
2020-03-17 478 5 18 455
2020-03-18 657 8 9 640
2020-03-19 800 9 18 773
2020-03-20 943 12 18 913
2020-03-21 1277 19 20 1238
2020-03-22 1469 20 20 1429
2020-03-23 2088 24 20 2044
2020-03-24 2790 25 220 2545
2020-03-25 3251 29 366 2856
2020-03-26 4042 37 368 3637
2020-03-27 4682 53 512 4117
2020-03-28 5576 60 932 4584
2020-03-29 6280 63 932 5285
2020-03-30 7398 79 932 6387
2020-03-31 8527 100 1592 6835
2020-04-01 9560 108 2648 6804
2020-04-02 11284 138 3470 7676
2020-04-03 12437 178 4350 7909
2020-04-04 12978 217 5154 7607
2020-04-05 15756 258 6024 9474
2020-04-06 16563 338 6512 9713
2020-04-07 17872 374 7582 9916
2020-04-08 19141 406 8308 10427
2020-04-09 20654 502 10324 9828
2020-04-10 22059 556 11710 9793
2020-04-11 23316 653 13178 9485
2020-04-12 24299 713 14246 9340
2020-04-13 25680 780 15516 9384
2020-04-14 27035 900 16420 9715
2020-04-15 28209 1007 17932 9270
2020-04-16 30809 1258 19396 10155
2020-04-17 32814 1355 21090 10369
2020-04-18 34356 1400 21928 11028
2020-04-19 35633 1564 23694 10375
2020-04-20 37658 1726 25086 10846
2020-04-21 39402 1909 26376 11117
2020-04-22 41663 2077 28908 10678
2020-04-23 43299 2240 14761 26298
2020-04-24 44919 2401 30298 12220
2020-04-25 46371 2570 32026 11775
2020-04-26 48033 2686 33766 11581
2020-04-27 49616 2840 36536 10240
2020-04-28 51150 2982 38462 9706
2020-04-29 52865 3154 40654 9057
2020-04-30 54457 3309 42848 8300
2020-05-01 56342 3536 45528 7278
2020-05-02 57925 3683 47628 6614
2020-05-03 60503 3794 24921 31788
2020-05-04 61956 4002 52060 5894
2020-05-05 63214 4189 54012 5013
2020-05-06 64693 4365 56368 3960
2020-05-07 66200 4540 58520 3140
2020-05-08 67673 4696 60478 2499
2020-05-09 68917 4822 62524 1571
2020-05-10 70090 4990 64218 882
2020-05-11 71263 5114 66014 135
2020-05-12 72418 5299 34055 33064
2020-05-13 73567 5424 70354 0
2020-05-14 74780 5591 72208 0
2020-05-15 75958 5678 73816 0
2020-05-16 77205 5799 75664 0
2020-05-17 78331 5902 77126 0
2020-05-18 79410 5959 78502 0
2020-05-19 80492 6027 80138 0
2020-05-20 81574 6149 81586 0
2020-05-21 82741 6266 83462 0
2020-05-22 83946 6359 85216 0
2020-05-23 85150 6465 86636 0
2020-05-24 86105 6533 87996 0
2020-05-25 87118 6654 89302 0
2020-05-26 88089 6752 90704 0
2020-05-27 88988 6875 46248 35865
2020-05-28 89975 6981 93922 0
2020-05-29 90908 7062 95810 0
2020-05-30 91680 7158 97034 0
2020-05-31 92478 7373 98426 0
2020-06-01 93287 7403 100182 0
2020-06-02 93960 7477 101450 0
2020-06-03 94641 7578 103012 0
2020-06-04 95269 7716 52184 35369
2020-06-05 95947 7777 106148 0
2020-06-06 96475 7849 108174 0
2020-06-07 97178 7876 109350 0
2020-06-08 97779 7909 110686 0
2020-06-09 98241 7969 112234 0
2020-06-10 98720 8037 114430 0
2020-06-11 99159 8070 116262 0
2020-06-12 99595 8124 118068 0
2020-06-13 100043 8182 119702 0
2020-06-14 100404 8217 121336 0
2020-06-15 100763 8227 122932 0
2020-06-16 101087 8270 123798 0
2020-06-17 101491 8311 126560 0
2020-06-18 101877 8360 127564 0
2020-06-19 102314 8407 128636 0
2020-06-20 102762 8465 129652 0
2020-06-21 103078 8481 65249 29348
2020-06-22 103418 8493 131442 0
2020-06-23 103767 8511 132270 0
2020-06-24 104087 8543 133066 0
2020-06-25 104463 8566 66869 29028
2020-06-26 104629 8570 134364 0
2020-06-27 104878 8575 134890 0
2020-06-28 105193 8581 135378 0
2020-06-29 105830 8627 137396 0
2020-06-30 106097 8649 138240 0
2020-07-01 106288 8677 138794 0
2020-07-02 106643 8699 139744 0
2020-07-03 106962 8721 140464 0
2020-07-04 107185 8731 141014 0
2020-07-05 107381 8738 141544 0
2020-07-06 107815 8747 142282 0
2020-07-07 108010 8764 142836 0
2020-07-08 108334 8785 143610 0
2020-07-09 108656 8796 144190 0
2020-07-10 108984 8810 144932 0
2020-07-11 109150 8817 145568 0
2020-07-12 109335 8828 145908 0
2020-07-13 109971 8835 146762 0
2020-07-14 110337 8844 147426 0
2020-07-15 110680 8856 74067 27757
2020-07-16 111131 8874 74433 27824
2020-07-17 111546 8883 98281 4382
2020-07-18 111862 8891 98436 4535
2020-07-19 112155 8895 98564 4696
2020-07-20 112925 8901 98975 5049
2020-07-21 113460 8907 99248 5305
2020-07-22 113777 8912 99501 5364
2020-07-23 114385 8918 99937 5530
2020-07-24 115102 8922 100504 5676
2020-07-25 115457 8928 100765 5764
2020-07-26 115776 8933 100969 5874
2020-07-27 116458 8944 101447 6067
2020-07-28 116858 8956 101686 6216
2020-07-29 117344 8961 101992 6391
2020-07-30 117664 8973 102344 6347
2020-07-31 118268 8979 102906 6383
2020-08-01 118510 8985 103072 6453
2020-08-02 118755 8989 103201 6565
2020-08-03 118960 8994 103284 6682
2020-08-04 119646 9004 104058 6584
2020-08-05 120020 9009 104377 6634
2020-08-06 120374 9012 104678 6684
2020-08-07 120890 9016 105128 6746
2020-08-08 121135 9023 105255 6857
2020-08-09 121354 9027 105420 6907
2020-08-10 122040 9033 108050 4957
2020-08-11 122376 9037 108465 4874
2020-08-12 122690 9051 108829 4810
2020-08-13 123167 9062 109260 4845
2020-08-14 123592 9067 109657 4868
2020-08-15 123812 9071 109933 4808
2020-08-16 123991 9073 110202 4716
2020-08-17 124205 9074 110433 4698
2020-08-18 125071 9089 111092 4890
2020-08-19 125395 9094 111559 4742
2020-08-20 125612 9096 111811 4705
2020-08-21 126306 9109 112381 4816
2020-08-22 126547 9116 112621 4810
2020-08-23 126804 9118 112836 4850
2020-08-24 127581 9128 113449 5004
2020-08-25 127890 9135 113809 4946
2020-08-26 128367 9140 114220 5007
2020-08-27 128823 9147 114610 5066
2020-08-28 129329 9154 115029 5146
2020-08-29 129626 9160 115294 5172
2020-08-30 129875 9163 115460 5252
2020-08-31 130905 9172 116020 5713
2020-09-01 131409 9178 116432 5799
2020-09-02 131928 9181 116866 5881
2020-09-03 132514 9188 117277 6049
2020-09-04 133128 9189 117755 6184
2020-09-05 133498 9191 117968 6339
2020-09-06 133877 9193 118192 6492
2020-09-07 134282 9195 118386 6701
2020-09-08 135744 9202 119420 7122
2020-09-09 136122 9203 119789 7130
2020-09-10 136943 9212 120848 6883
2020-09-11 137663 9213 121537 6913
2020-09-12 138151 9219 121944 6988
2020-09-13 138627 9219 122266 7142
2020-09-14 140085 9228 123120 7737
2020-09-15 140887 9238 123777 7872
2020-09-16 141839 9243 124412 8184
2020-09-17 142866 9248 124984 8634
2020-09-18 144040 9255 125654 9131
2020-09-19 144594 9261 125984 9349
2020-09-20 145737 9266 126592 9879
2020-09-21 147570 9278 127684 10608
2020-09-22 148842 9285 128890 10667
2020-09-23 149926 9293 129850 10783
2020-09-24 151074 9296 130576 11202
2020-09-25 152704 9305 131709 11690
2020-09-26 153757 9312 132253 12192
2020-09-27 155415 9317 133204 12894
2020-09-28 157206 9327 134551 13328
2020-09-29 158978 9339 135765 13874
2020-09-30 161094 9345 137181 14568
2020-10-01 162917 9367 138548 15002
2020-10-02 165041 9465 139817 15759
2020-10-03 166347 9487 140711 16149
2020-10-04 168488 9532 142502 16454
2020-10-05 171371 9559 144653 17159
2020-10-06 173743 9581 146429 17733
2020-10-07 175367 9592 147814 17961
2020-10-08 177717 9608 149692 18417
2020-10-09 180612 9637 152046 18929
2020-10-10 182754 9660 153857 19237
2020-10-11 184390 9665 155901 18824
2020-10-12 185365 9679 156940 18746
2020-10-13 189476 9706 160223 19547
2020-10-14 192051 9718 162064 20269
2020-10-15 194349 9755 164154 20440
2020-10-16 196915 9780 166313 20822
2020-10-17 197054 9781 166444 20829
2020-10-18 200791 9815 169751 21225
2020-10-19 204098 9831 172406 21861
2020-10-20 206336 9848 174514 21974
2020-10-21 209023 9882 171405 27736
2020-10-22 211604 9915 173299 28390
2020-10-23 214506 9939 180626 23941
2020-10-24 216038 9968 181974 24096
2020-10-25 218861 9994 184194 24673
2020-10-26 222960 10025 187100 25835
2020-10-27 225690 10051 189350 26289
2020-10-28 228353 10083 191723 26547
2020-10-29 231370 10126 194105 27139
2020-10-30 234926 10162 196935 27829
2020-10-31 237300 10186 198952 28162
2020-11-01 239636 10229 200768 28639
2020-11-02 243165 10261 203128 29776
2020-11-03 247903 10333 206691 30879
2020-11-04 250685 10384 208815 31486
2020-11-05 253469 10431 210429 32609
2020-11-06 258862 10492 214441 33929
2020-11-07 263208 10546 216338 36324
2020-11-08 267152 10574 218279 38299
2020-11-09 272023 10619 221758 39646
2020-11-10 276468 10692 224912 40864
2020-11-11 280452 10747 226826 42879
2020-11-12 285926 10827 230429 44670
2020-11-13 290696 10884 234404 45408
2020-11-14 295126 10946 236870 47310
2020-11-15 299427 11000 240434 47993
2020-11-16 305460 11074 244699 49687
2020-11-17 309922 11135 248859 49928
2020-11-18 314440 11237 253089 50114
2020-11-19 319234 11313 257310 50611
2020-11-20 324221 11384 261754 51083
2020-11-21 329178 11454 265568 52156
2020-11-22 333923 11501 269137 53285
2020-11-23 340718 11569 274315 54834
