Date Confirmed Deaths Recovered Active
2020-01-22 0 0 0 0
2020-01-23 0 0 0 0
2020-01-24 2 0 0 2
2020-01-25 3 0 0 3
2020-01-26 3 0 0 3
2020-01-27 3 0 0 3
2020-01-28 4 0 0 4
2020-01-29 5 0 0 5
2020-01-30 5 0 0 5
2020-01-31 5 0 0 5
2020-02-01 6 0 0 6
2020-02-02 6 0 0 6
2020-02-03 6 0 0 6
2020-02-04 6 0 0 6
2020-02-05 6 0 0 6
2020-02-06 6 0 0 6
2020-02-07 6 0 0 6
2020-02-08 11 0 0 11
2020-02-09 11 0 0 11
2020-02-10 11 0 0 11
2020-02-11 11 0 0 11
2020-02-12 11 0 2 9
2020-02-13 11 0 2 9
2020-02-14 11 0 2 9
2020-02-15 12 1 4 7
2020-02-16 12 1 4 7
2020-02-17 12 1 4 7
2020-02-18 12 1 4 7
2020-02-19 12 1 4 7
2020-02-20 12 1 4 7
2020-02-21 12 1 4 7
2020-02-22 12 1 4 7
2020-02-23 12 1 4 7
2020-02-24 12 1 4 7
2020-02-25 14 1 11 2
2020-02-26 18 2 11 5
2020-02-27 38 2 11 25
2020-02-28 57 2 11 44
2020-02-29 100 2 12 86
2020-03-01 130 2 12 116
2020-03-02 191 3 12 176
2020-03-03 204 4 12 188
2020-03-04 288 4 12 272
2020-03-05 380 6 12 362
2020-03-06 656 9 12 635
2020-03-07 959 11 12 936
2020-03-08 1136 19 12 1105
2020-03-09 1219 19 12 1188
2020-03-10 1794 33 12 1749
2020-03-11 2293 48 12 2233
2020-03-12 2293 48 12 2233
2020-03-13 3681 79 12 3590
2020-03-14 4496 91 12 4393
2020-03-15 4532 91 12 4429
2020-03-16 6683 149 12 6522
2020-03-17 7715 149 12 7554
2020-03-18 9124 149 12 8963
2020-03-19 10970 244 12 10714
2020-03-20 12758 451 12 12295
2020-03-21 14463 563 12 13888
2020-03-22 16243 676 2206 13361
2020-03-23 20123 862 2206 17055
2020-03-24 22622 1102 3250 18270
2020-03-25 25600 1333 3907 20360
2020-03-26 29551 1698 4955 22898
2020-03-27 33402 1997 5707 25698
2020-03-28 38105 2317 5724 30064
2020-03-29 40708 2611 7226 30871
2020-03-30 45170 3030 7964 34176
2020-03-31 52827 3532 9513 39782
2020-04-01 57749 4414 11053 42282
2020-04-02 59929 5398 12548 41983
2020-04-03 65202 6520 14135 44547
2020-04-04 69500 7574 15572 46354
2020-04-05 71412 8093 16349 46970
2020-04-06 75343 8926 17428 48989
2020-04-07 79163 10343 19523 49297
2020-04-08 83057 10887 21452 50718
2020-04-09 87366 12228 23413 51725
2020-04-10 91738 13215 25195 53328
2020-04-11 94863 13851 26663 54349
2020-04-12 121712 14412 27469 79831
2020-04-13 125394 14986 28001 82407
2020-04-14 130365 15731 28805 85829
2020-04-15 133585 17169 30955 85461
2020-04-16 146075 17922 32812 95341
2020-04-17 148084 18683 34420 94981
2020-04-18 148086 19325 35983 92778
2020-04-19 153011 19720 36578 96713
2020-04-20 155393 20267 37409 97717
2020-04-21 158168 20798 39181 98189
2020-04-22 155980 21342 40657 93981
2020-04-23 158303 21858 42088 94357
2020-04-24 159952 22248 43493 94211
2020-04-25 161644 22617 44594 94433
2020-04-26 162220 22859 44903 94458
2020-04-27 165963 23296 45513 97154
2020-04-28 169053 23663 46886 98504
2020-04-29 166543 24090 48228 94225
2020-04-30 167299 24379 49476 93444
2020-05-01 167305 24597 50212 92496
2020-05-02 168518 24763 50663 93092
2020-05-03 168925 24900 50885 93140
2020-05-04 169583 25204 51476 92903
2020-05-05 170687 25537 52842 92308
2020-05-06 174224 25812 54079 94333
2020-05-07 174918 25990 55191 93737
2020-05-08 176202 26233 55892 94077
2020-05-09 176782 26313 56148 94321
2020-05-10 177094 26383 56327 94384
2020-05-11 177547 26646 56835 94066
2020-05-12 178349 26994 57898 93457
2020-05-13 178184 27077 58786 92321
2020-05-14 178994 27428 59719 91847
2020-05-15 179630 27532 60562 91536
2020-05-16 179630 27532 60562 91536
2020-05-17 179693 28111 61327 90255
2020-05-18 180051 28242 61843 89966
2020-05-19 180933 28025 62678 90230
2020-05-20 181700 28135 63472 90093
2020-05-21 181951 28218 63976 89757
2020-05-22 182354 28292 64327 89735
2020-05-23 182694 28335 64665 89694
2020-05-24 182709 28370 64735 89604
2020-05-25 183067 28460 65317 89290
2020-05-26 182847 28533 65997 88317
2020-05-27 183038 28599 66702 87737
2020-05-28 186364 28665 67309 90390
2020-05-29 186923 28717 67921 90285
2020-05-30 188752 28774 68386 91592
2020-05-31 189009 28805 68473 91731
2020-06-01 189348 28836 68558 91954
2020-06-02 188582 28943 68930 90709
2020-06-03 188934 29024 69573 90337
2020-06-04 189701 29068 70094 90539
2020-06-05 190312 29114 70622 90576
2020-06-06 190891 29145 70924 90822
2020-06-07 191234 29158 70961 91115
2020-06-08 191445 29212 71182 91051
2020-06-09 191849 29299 71626 90924
2020-06-10 192394 29322 71952 91120
2020-06-11 192819 29349 72269 91201
2020-06-12 193546 29377 72695 91474
2020-06-13 194072 29401 72931 91740
2020-06-14 194479 29410 72982 92087
2020-06-15 194631 29439 73168 92024
2020-06-16 194975 29550 73459 91966
2020-06-17 195433 29578 73791 92064
2020-06-18 195900 29606 74011 92283
2020-06-19 196711 29620 74241 92850
2020-06-20 197352 29636 74436 93280
2020-06-21 197636 29643 74496 93497
2020-06-22 198009 29666 74736 93607
2020-06-23 198526 29723 74995 93808
2020-06-24 198607 29734 75251 93622
2020-06-25 198607 29755 75475 93377
2020-06-26 200195 29781 75773 94641
2020-06-27 200195 29781 75773 94641
2020-06-28 199476 29781 75774 93921
2020-06-29 201522 29816 76124 95582
2020-06-30 202063 29846 76399 95818
2020-07-01 202981 29864 76674 96443
2020-07-02 203640 29878 76927 96835
2020-07-03 204222 29896 77185 97141
2020-07-04 204222 29896 77185 97141
2020-07-05 204222 29896 77185 97141
2020-07-06 205597 29923 77444 98230
2020-07-07 206072 29936 77780 98356
2020-07-08 206072 29939 77780 98353
2020-07-09 207356 29982 78295 99079
2020-07-10 208015 30007 78513 99495
2020-07-11 208015 30007 78513 99495
2020-07-12 208015 30007 78513 99495
2020-07-13 209640 30032 78722 100886
2020-07-14 209640 30032 78722 100886
2020-07-15 210568 30123 78945 101500
2020-07-16 211102 30141 79161 101800
2020-07-17 211943 30155 79371 102417
2020-07-18 211943 30155 79371 102417
2020-07-19 211943 30155 79371 102417
2020-07-20 214023 30180 79668 104175
2020-07-21 214607 30168 79861 104578
2020-07-22 215605 30175 80084 105346
2020-07-23 216667 30185 80600 105882
2020-07-24 217797 30195 80943 106659
2020-07-25 217801 30195 80945 106661
2020-07-26 217801 30195 80945 106661
2020-07-27 220352 30212 81212 108928
2020-07-28 221077 30226 81441 109410
2020-07-29 221077 30226 81443 109408
2020-07-30 222469 30241 81632 110596
2020-07-31 225197 30268 81764 113165
2020-08-01 225198 30268 81764 113166
2020-08-02 225198 30268 81764 113166
2020-08-03 225198 30268 81764 113166
2020-08-04 228576 30297 81764 116515
2020-08-05 228576 30297 82298 115981
2020-08-06 231310 30308 82592 118410
2020-08-07 235207 30327 82968 121912
2020-08-08 235208 30327 82968 121913
2020-08-09 235237 30327 82971 121939
2020-08-10 239349 30327 82971 126051
2020-08-11 239355 30328 82971 126056
2020-08-12 244088 30375 83609 130104
2020-08-13 244096 30392 83612 130092
2020-08-14 249655 30410 83993 135252
2020-08-15 252965 30410 83993 138562
2020-08-16 252965 30410 83993 138562
2020-08-17 256533 30434 84214 141885
2020-08-18 256534 30434 84214 141886
2020-08-19 256534 30434 84214 141886
2020-08-20 256534 30434 84214 141886
2020-08-21 271960 30508 84981 156471
2020-08-22 275562 30517 85102 159943
2020-08-23 280459 30518 85125 164816
2020-08-24 282414 30533 85352 166529
2020-08-25 285902 30549 85757 169596
2020-08-26 291374 30549 85811 175014
2020-08-27 297485 30581 86271 180633
2020-08-28 304947 30601 86495 187851
2020-08-29 304947 30601 86495 187851
2020-08-30 315813 30611 86495 198707
2020-08-31 318986 30640 86790 201556
2020-09-01 323968 30666 87036 206266
2020-09-02 331060 30692 87418 212950
2020-09-03 338220 30712 87661 219847
2020-09-04 347267 30730 87927 228610
2020-09-05 347267 30730 87927 228610
2020-09-06 347268 30730 87927 228611
2020-09-07 367174 30732 88484 247958
2020-09-08 373718 30770 88876 254072
2020-09-09 383292 30805 89242 263245
2020-09-10 392243 30819 89468 271956
2020-09-11 401890 30901 89890 281099
2020-09-12 402811 30902 90445 281464
2020-09-13 402893 30903 90445 281545
2020-09-14 425870 30958 90432 304480
2020-09-15 433905 31007 90816 312082
2020-09-16 443869 31056 91293 321520
2020-09-17 454266 31103 91765 331398
2020-09-18 467421 31257 92700 343464
2020-09-19 467614 31257 93586 342771
2020-09-20 467614 31257 93586 342771
2020-09-21 496851 31346 94289 371216
2020-09-22 507150 31426 94961 380763
2020-09-23 508456 31447 96498 380511
2020-09-24 536289 31524 95980 408785
2020-09-25 552421 31675 96909 423837
2020-09-26 552454 31675 96937 423842
2020-09-27 552473 31675 96937 423861
2020-09-28 577980 31744 97127 449109
2020-09-29 590021 31908 98088 460025
2020-09-30 604031 31986 98632 473413
2020-10-01 616986 32034 99154 485798
2020-10-02 629431 32171 100253 497007
2020-10-03 629509 32171 100281 497057
2020-10-04 629509 32171 100281 497057
2020-10-05 664289 32317 100873 531099
2020-10-06 675736 32383 101443 541910
2020-10-07 693603 32463 102061 559079
2020-10-08 711704 32539 102542 576623
2020-10-09 732434 32601 103232 596601
2020-10-10 732434 32601 103232 596601
2020-10-11 732434 32601 103232 596601
2020-10-12 776097 32703 104035 639359
2020-10-13 798257 32982 105203 660072
2020-10-14 820376 33058 106374 680944
2020-10-15 850997 33146 107043 710808
2020-10-16 876342 33325 108014 735003
2020-10-17 876342 33325 108014 735003
2020-10-18 876342 33325 108014 735003
2020-10-19 952600 33647 109611 809342
2020-10-20 973275 33928 110515 828832
2020-10-21 1000369 34075 111715 854579
2020-10-22 1041991 34237 112662 895092
2020-10-23 1084659 34536 113636 936487
2020-10-24 1084684 34536 113636 936512
2020-10-25 1084746 34536 113698 936512
2020-10-26 1209651 35052 115964 1058635
2020-10-27 1244242 35582 117400 1091260
2020-10-28 1280215 35823 119413 1124979
2020-10-29 1327852 36058 120723 1171071
2020-10-30 1377347 36605 122224 1218518
2020-10-31 1412709 36826 123095 1252788
2020-11-01 1458999 37057 123664 1298278
2020-11-02 1512541 37485 123664 1351392
2020-11-03 1549174 37915 123664 1387595
2020-11-04 1591152 38728 126195 1426229
2020-11-05 1648989 39088 129759 1480142
2020-11-06 1709716 39916 131810 1537990
2020-11-07 1709773 40220 133419 1536134
2020-11-08 1835187 40490 134095 1660602
2020-11-09 1856027 41048 135216 1679763
2020-11-10 1878498 42271 137401 1698826
2020-11-11 1914722 42599 139177 1732946
2020-11-12 1948134 43024 140470 1764640
2020-11-13 1972149 43957 142671 1785521
2020-11-14 2004244 44311 144656 1815277
2020-11-15 2031472 44613 145326 1841533
2020-11-16 2041293 45122 146396 1849775
2020-11-17 2087183 46346 148669 1892168
2020-11-18 2115717 46772 150966 1917979
2020-11-19 2137096 47201 153145 1936750
2020-11-20 2160343 48341 155829 1956173
2020-11-21 2178023 48593 156755 1972675
2020-11-22 2191180 48807 157259 1985114
2020-11-23 2195940 49312 158170 1988458
2020-11-24 2206126 50324 160257 1995545
2020-11-25 2221874 50700 162130 2009044
2020-11-26 2235537 51041 163814 2020682
2020-11-27 2248209 51999 165493 2030717
2020-11-28 2260789 52212 166715 2041862
2020-11-29 2270573 52410 167005 2051158
2020-11-30 2275016 52819 167913 2054284
2020-12-01 2275429 52821 167915 2054693
2020-12-02 2275677 52822 167915 2054940
