Date Confirmed Deaths Recovered Active
2020-01-22 0 0 0 0
2020-01-23 0 0 0 0
2020-01-24 0 0 0 0
2020-01-25 0 0 0 0
2020-01-26 0 0 0 0
2020-01-27 0 0 0 0
2020-01-28 0 0 0 0
2020-01-29 0 0 0 0
2020-01-30 0 0 0 0
2020-01-31 0 0 0 0
2020-02-01 0 0 0 0
2020-02-02 0 0 0 0
2020-02-03 0 0 0 0
2020-02-04 0 0 0 0
2020-02-05 0 0 0 0
2020-02-06 0 0 0 0
2020-02-07 0 0 0 0
2020-02-08 0 0 0 0
2020-02-09 0 0 0 0
2020-02-10 0 0 0 0
2020-02-11 0 0 0 0
2020-02-12 0 0 0 0
2020-02-13 0 0 0 0
2020-02-14 0 0 0 0
2020-02-15 0 0 0 0
2020-02-16 0 0 0 0
2020-02-17 0 0 0 0
2020-02-18 0 0 0 0
2020-02-19 0 0 0 0
2020-02-20 0 0 0 0
2020-02-21 0 0 0 0
2020-02-22 0 0 0 0
2020-02-23 0 0 0 0
2020-02-24 0 0 0 0
2020-02-25 0 0 0 0
2020-02-26 1 0 0 1
2020-02-27 3 0 0 3
2020-02-28 4 0 0 4
2020-02-29 4 0 0 4
2020-03-01 7 0 0 7
2020-03-02 7 0 0 7
2020-03-03 7 0 0 7
2020-03-04 9 0 0 9
2020-03-05 31 0 0 31
2020-03-06 45 0 0 45
2020-03-07 46 0 0 46
2020-03-08 73 0 0 73
2020-03-09 73 0 0 73
2020-03-10 89 0 0 89
2020-03-11 99 1 0 98
2020-03-12 99 1 0 98
2020-03-13 190 1 0 189
2020-03-14 228 3 8 217
2020-03-15 331 4 8 319
2020-03-16 331 4 8 319
2020-03-17 387 5 8 374
2020-03-18 418 5 8 405
2020-03-19 418 6 8 404
2020-03-20 495 6 19 470
2020-03-21 530 13 19 498
2020-03-22 624 15 19 590
2020-03-23 695 17 19 659
2020-03-24 743 20 29 694
2020-03-25 821 22 36 763
2020-03-26 892 26 36 830
2020-03-27 966 28 52 886
2020-03-28 1061 32 52 977
2020-03-29 1156 38 52 1066
2020-03-30 1212 43 52 1117
2020-03-31 1314 49 52 1213
2020-04-01 1415 50 52 1313
2020-04-02 1544 53 61 1430
2020-04-03 1613 63 78 1472
2020-04-04 1673 68 78 1527
2020-04-05 1735 73 78 1584
2020-04-06 1755 79 269 1407
2020-04-07 1832 81 269 1482
2020-04-08 1884 83 269 1532
2020-04-09 1955 87 269 1599
2020-04-10 2011 92 269 1650
2020-04-11 2081 93 269 1719
2020-04-12 2114 98 269 1747
2020-04-13 2145 99 269 1777
2020-04-14 2170 101 269 1800
2020-04-15 2192 102 269 1821
2020-04-16 2207 105 269 1833
2020-04-17 2224 108 269 1847
2020-04-18 2235 110 269 1856
2020-04-19 2235 113 269 1853
2020-04-20 2245 116 269 1860
2020-04-21 2401 121 577 1703
2020-04-22 2408 121 577 1710
2020-04-23 2463 125 577 1761
2020-04-24 2490 130 577 1783
2020-04-25 2506 130 577 1799
2020-04-26 2517 134 577 1806
2020-04-27 2534 136 577 1821
2020-04-28 2566 138 577 1851
2020-04-29 2576 139 577 1860
2020-04-30 2591 140 1374 1077
2020-05-01 2612 140 1374 1098
2020-05-02 2620 143 1374 1103
2020-05-03 2626 144 1374 1108
2020-05-04 2632 146 1374 1112
2020-05-05 2642 146 1374 1122
2020-05-06 2663 147 1374 1142
2020-05-07 2678 148 1374 1156
2020-05-08 2691 150 1374 1167
2020-05-09 2710 151 1374 1185
2020-05-10 2716 151 1374 1191
2020-05-11 2726 151 1374 1201
2020-05-12 2744 152 1374 1218
2020-05-13 2760 155 1374 1231
2020-05-14 2770 156 1374 1240
2020-05-15 2810 160 1374 1276
2020-05-16 2819 162 1374 1283
2020-05-17 2834 163 1374 1297
2020-05-18 2836 165 1374 1297
2020-05-19 2840 165 1374 1301
2020-05-20 2850 166 1374 1310
2020-05-21 2853 168 1374 1311
2020-05-22 2874 169 1374 1331
2020-05-23 2876 171 1374 1331
2020-05-24 2878 171 1374 1333
2020-05-25 2882 172 1374 1336
2020-05-26 2892 173 1374 1345
2020-05-27 2903 173 1374 1356
2020-05-28 2906 175 1374 1357
2020-05-29 2909 175 1374 1360
2020-05-30 2915 175 1374 1366
2020-05-31 2917 175 1374 1368
2020-06-01 2918 179 1374 1365
2020-06-02 2937 179 1374 1384
2020-06-03 2937 179 1374 1384
2020-06-04 2952 180 1374 1398
2020-06-05 2967 180 1374 1413
2020-06-06 2980 180 1374 1426
2020-06-07 2997 180 1374 1443
2020-06-08 3049 182 1374 1493
2020-06-09 3058 183 1374 1501
2020-06-10 3068 183 1374 1511
2020-06-11 3088 183 1374 1531
2020-06-12 3108 183 1374 1551
2020-06-13 3112 183 1374 1555
2020-06-14 3121 183 1374 1564
2020-06-15 3134 184 1374 1576
2020-06-16 3148 185 1374 1589
2020-06-17 3203 187 1374 1642
2020-06-18 3227 188 1374 1665
2020-06-19 3237 189 1374 1674
2020-06-20 3256 190 1374 1692
2020-06-21 3266 190 1374 1702
2020-06-22 3287 190 1374 1723
2020-06-23 3302 190 1374 1738
2020-06-24 3310 190 1374 1746
2020-06-25 3321 191 1374 1756
2020-06-26 3343 191 1374 1778
2020-06-27 3366 191 1374 1801
2020-06-28 3376 191 1374 1811
2020-06-29 3390 191 1374 1825
2020-06-30 3409 192 1374 1843
2020-07-01 3432 192 1374 1866
2020-07-02 3458 192 1374 1892
2020-07-03 3486 192 1374 1920
2020-07-04 3511 192 1374 1945
2020-07-05 3519 192 1374 1953
2020-07-06 3562 192 1374 1996
2020-07-07 3589 193 1374 2022
2020-07-08 3622 193 1374 2055
2020-07-09 3672 193 1374 2105
2020-07-10 3732 193 1374 2165
2020-07-11 3772 193 1374 2205
2020-07-12 3803 193 1374 2236
2020-07-13 3826 193 1374 2259
2020-07-14 3883 193 1374 2316
2020-07-15 3910 193 1374 2343
2020-07-16 3939 193 1374 2372
2020-07-17 3964 194 1374 2396
2020-07-18 3983 194 1374 2415
2020-07-19 4007 194 1374 2439
2020-07-20 4012 195 1374 2443
2020-07-21 4048 197 1374 2477
2020-07-22 4077 200 1374 2503
2020-07-23 4110 201 1374 2535
2020-07-24 4135 201 1374 2560
2020-07-25 4166 201 1374 2591
2020-07-26 4193 202 1374 2617
2020-07-27 4227 202 1374 2651
2020-07-28 4279 203 1374 2702
2020-07-29 4336 203 1374 2759
2020-07-30 4401 203 1374 2824
2020-07-31 4477 206 1374 2897
2020-08-01 4587 206 1374 3007
2020-08-02 4662 208 1374 3080
2020-08-03 4737 209 1374 3154
2020-08-04 4855 209 3804 842
2020-08-05 4974 210 3804 960
2020-08-06 5123 210 3804 1109
2020-08-07 5270 210 3804 1256
2020-08-08 5421 211 3804 1406
2020-08-09 5623 212 3804 1607
2020-08-10 5749 213 3804 1732
2020-08-11 5942 214 3804 1924
2020-08-12 6177 216 3804 2157
2020-08-13 6381 221 3804 2356
2020-08-14 6632 223 3804 2605
2020-08-15 6858 226 3804 2828
2020-08-16 7075 228 3804 3043
2020-08-17 7222 230 3804 3188
2020-08-18 7472 232 3804 3436
2020-08-19 7684 235 3804 3645
2020-08-20 7934 235 3804 3895
2020-08-21 8138 238 3804 4096
2020-08-22 8381 240 3804 4337
2020-08-23 8664 242 3804 4618
2020-08-24 8819 242 3804 4773
2020-08-25 8987 243 3804 4940
2020-08-26 9280 248 3804 5228
2020-08-27 9531 254 3804 5473
2020-08-28 9800 259 3804 5737
2020-08-29 9977 260 3804 5913
2020-08-30 10134 262 3804 6068
2020-08-31 10317 266 3804 6247
2020-09-01 10524 271 6486 3767
2020-09-02 10757 273 6486 3998
2020-09-03 10998 278 6486 4234
2020-09-04 11200 279 6486 4435
2020-09-05 11386 280 6486 4620
2020-09-06 11524 284 6486 4754
2020-09-07 11663 289 6486 4888
2020-09-08 11832 290 7262 4280
2020-09-09 12080 293 7262 4525
2020-09-10 12452 297 7262 4893
2020-09-11 12734 300 7262 5172
2020-09-12 13036 302 7262 5472
2020-09-13 13240 305 7262 5673
2020-09-14 13420 310 7262 5848
2020-09-15 13730 313 8846 4571
2020-09-16 14041 316 8846 4879
2020-09-17 14400 325 8846 5229
2020-09-18 14738 327 8846 5565
2020-09-19 14978 331 8846 5801
2020-09-20 15142 338 8846 5958
2020-09-21 15595 344 8846 6405
2020-09-22 15928 352 10441 5135
2020-09-23 16286 357 10441 5488
2020-09-24 16627 366 10441 5820
2020-09-25 16913 369 10441 6103
2020-09-26 17228 376 10441 6411
2020-09-27 17444 379 10441 6624
2020-09-28 17707 383 10441 6883
2020-09-29 18123 388 11686 6049
2020-09-30 18475 391 11686 6398
2020-10-01 18886 393 11686 6807
2020-10-02 19346 398 11686 7262
2020-10-03 19613 405 11686 7522
2020-10-04 19842 409 11686 7747
2020-10-05 20142 417 11686 8039
2020-10-06 20541 420 13199 6922
2020-10-07 20947 424 13199 7324
2020-10-08 21381 430 13199 7752
2020-10-09 21772 431 13199 8142
2020-10-10 22078 436 13199 8443
2020-10-11 22358 449 13199 8710
2020-10-12 22652 456 13199 8997
2020-10-13 23060 462 16437 6161
2020-10-14 23495 469 16437 6589
2020-10-15 23947 482 16437 7028
2020-10-16 24450 490 16437 7523
2020-10-17 24932 500 16437 7995
2020-10-18 25370 509 16437 8424
2020-10-19 25802 520 16437 8845
2020-10-20 26469 528 19749 6192
2020-10-21 27334 534 19749 7051
2020-10-22 28216 549 19749 7918
2020-10-23 29057 559 19749 8749
2020-10-24 29992 564 19749 9679
2020-10-25 30782 574 19749 10459
2020-10-26 31496 581 19749 11166
2020-10-27 32752 593 19749 12410
2020-10-28 34299 603 23074 10622
2020-10-29 35510 615 23074 11821
2020-10-30 37196 620 23074 13502
2020-10-31 39251 626 23074 15551
2020-11-01 40929 635 23074 17220
2020-11-02 42080 642 23074 18364
2020-11-03 44246 655 23074 20517
2020-11-04 46892 673 23074 23145
2020-11-05 49807 702 23074 26031
2020-11-06 52254 715 23074 28465
2020-11-07 54809 749 23074 30986
2020-11-08 56698 784 23074 32840
2020-11-09 58187 825 23074 34288
2020-11-10 60570 866 23074 36630
2020-11-11 63321 909 23074 39338
2020-11-12 66637 959 23074 42604
2020-11-13 69675 997 23074 45604
2020-11-14 72510 1035 23074 48401
2020-11-15 74205 1106 23074 50025
2020-11-16 76403 1165 23074 52164
2020-11-17 78825 1228 23074 54523
2020-11-18 82034 1288 23074 57672
2020-11-19 85261 1347 23074 60840
2020-11-20 87812 1419 23074 63319
2020-11-21 90121 1527 23074 65520
2020-11-22 91619 1630 23074 66915
2020-11-23 93006 1714 23074 68218
