Date Confirmed Deaths Recovered Active
2020-01-22 0 0 0 0
2020-01-23 0 0 0 0
2020-01-24 0 0 0 0
2020-01-25 0 0 0 0
2020-01-26 0 0 0 0
2020-01-27 0 0 0 0
2020-01-28 0 0 0 0
2020-01-29 0 0 0 0
2020-01-30 0 0 0 0
2020-01-31 0 0 0 0
2020-02-01 0 0 0 0
2020-02-02 0 0 0 0
2020-02-03 0 0 0 0
2020-02-04 0 0 0 0
2020-02-05 0 0 0 0
2020-02-06 0 0 0 0
2020-02-07 0 0 0 0
2020-02-08 0 0 0 0
2020-02-09 0 0 0 0
2020-02-10 0 0 0 0
2020-02-11 0 0 0 0
2020-02-12 0 0 0 0
2020-02-13 0 0 0 0
2020-02-14 0 0 0 0
2020-02-15 0 0 0 0
2020-02-16 0 0 0 0
2020-02-17 0 0 0 0
2020-02-18 0 0 0 0
2020-02-19 2 2 0 0
2020-02-20 5 2 0 3
2020-02-21 18 4 0 14
2020-02-22 28 5 0 23
2020-02-23 43 8 0 35
2020-02-24 61 12 0 49
2020-02-25 95 16 0 79
2020-02-26 139 19 49 71
2020-02-27 245 26 49 170
2020-02-28 388 34 73 281
2020-02-29 593 43 123 427
2020-03-01 978 54 175 749
2020-03-02 1501 66 291 1144
2020-03-03 2336 77 291 1968
2020-03-04 2922 92 552 2278
2020-03-05 3513 107 739 2667
2020-03-06 4747 124 913 3710
2020-03-07 5823 145 1669 4009
2020-03-08 6566 194 2134 4238
2020-03-09 7161 237 2394 4530
2020-03-10 8042 291 2731 5020
2020-03-11 9000 354 2959 5687
2020-03-12 10075 429 2959 6687
2020-03-13 11364 514 2959 7891
2020-03-14 12729 611 2959 9159
2020-03-15 13938 724 4590 8624
2020-03-16 14991 853 4590 9548
2020-03-17 16169 988 5389 9792
2020-03-18 17361 1135 5389 10837
2020-03-19 18407 1284 5710 11413
2020-03-20 19644 1433 6745 11466
2020-03-21 20610 1556 7635 11419
2020-03-22 21638 1685 7931 12022
2020-03-23 23049 1812 7931 13306
2020-03-24 24811 1934 8913 13964
2020-03-25 27017 2077 9625 15315
2020-03-26 29406 2234 10457 16715
2020-03-27 32332 2378 11133 18821
2020-03-28 35408 2517 11679 21212
2020-03-29 38309 2640 12391 23278
2020-03-30 41495 2757 13911 24827
2020-03-31 44605 2898 14656 27051
2020-04-01 47593 3036 15473 29084
2020-04-02 50468 3160 16711 30597
2020-04-03 53183 3294 17935 31954
2020-04-04 55743 3452 19736 32555
2020-04-05 58226 3603 19736 34887
2020-04-06 60500 3739 24236 32525
2020-04-07 62589 3872 27039 31678
2020-04-08 64586 3993 29812 30781
2020-04-09 66220 4110 32309 29801
2020-04-10 68192 4232 35465 28495
2020-04-11 70029 4357 41947 23725
2020-04-12 71686 4474 43894 23318
2020-04-13 73303 4585 45983 22735
2020-04-14 74877 4683 48129 22065
2020-04-15 76389 4777 49933 21679
2020-04-16 77995 4869 52229 20897
2020-04-17 79494 4958 54064 20472
2020-04-18 80868 5031 55987 19850
2020-04-19 82211 5118 57023 20070
2020-04-20 83505 5209 59273 19023
2020-04-21 84802 5297 60965 18540
2020-04-22 85996 5391 63113 17492
2020-04-23 87026 5481 64843 16702
2020-04-24 88194 5574 66599 16021
2020-04-25 89328 5650 68193 15485
2020-04-26 90481 5710 69657 15114
2020-04-27 91472 5806 70933 14733
2020-04-28 92584 5877 72439 14268
2020-04-29 93657 5957 73791 13909
2020-04-30 94640 6028 75103 13509
2020-05-01 95646 6091 76318 13237
2020-05-02 96448 6156 77350 12942
2020-05-03 97424 6203 78422 12799
2020-05-04 98647 6277 79379 12991
2020-05-05 99970 6340 80475 13155
2020-05-06 101650 6418 81587 13645
2020-05-07 103135 6486 82744 13905
2020-05-08 104691 6541 83837 14313
2020-05-09 106220 6589 85064 14567
2020-05-10 107603 6640 86143 14820
2020-05-11 109286 6685 87422 15179
2020-05-12 110767 6733 88357 15677
2020-05-13 112725 6783 89428 16514
2020-05-14 114533 6854 90539 17140
2020-05-15 116635 6902 91836 17897
2020-05-16 118392 6937 93147 18308
2020-05-17 120198 6988 94464 18746
2020-05-18 122492 7057 95661 19774
2020-05-19 124603 7119 97173 20311
2020-05-20 126949 7183 98808 20958
2020-05-21 129341 7249 100564 21528
2020-05-22 131652 7300 102276 22076
2020-05-23 133521 7359 104072 22090
2020-05-24 135701 7417 105801 22483
2020-05-25 137724 7451 107713 22560
2020-05-26 139511 7508 109437 22566
2020-05-27 141591 7564 111176 22851
2020-05-28 143849 7627 112988 23234
2020-05-29 146668 7677 114931 24060
2020-05-30 148950 7734 116827 24389
2020-05-31 151466 7797 118848 24821
2020-06-01 154445 7878 121004 25563
2020-06-02 157562 7942 123077 26543
2020-06-03 160696 8012 125206 27478
2020-06-04 164270 8071 127485 28714
2020-06-05 167156 8134 129741 29281
2020-06-06 169425 8209 132038 29178
2020-06-07 171789 8281 134349 29159
2020-06-08 173832 8351 136360 29121
2020-06-09 175927 8425 138457 29045
2020-06-10 177938 8506 140590 28842
2020-06-11 180156 8584 142663 28909
2020-06-12 182525 8659 144649 29217
2020-06-13 184955 8730 146748 29477
2020-06-14 187427 8837 148674 29916
2020-06-15 189876 8950 150590 30336
2020-06-16 192439 9065 152675 30699
2020-06-17 195051 9185 154812 31054
2020-06-18 197647 9272 156991 31384
2020-06-19 200262 9392 159192 31678
2020-06-20 202584 9507 161384 31693
2020-06-21 204952 9623 163591 31738
2020-06-22 207525 9742 166427 31356
2020-06-23 209970 9863 169160 30947
2020-06-24 212501 9996 172096 30409
2020-06-25 215096 10130 175103 29863
2020-06-26 217724 10239 177852 29633
2020-06-27 220180 10364 180661 29155
2020-06-28 222669 10508 183310 28851
2020-06-29 225205 10670 186180 28355
2020-06-30 227662 10817 188758 28087
2020-07-01 230211 10958 191487 27766
2020-07-02 232863 11106 194098 27659
2020-07-03 235429 11260 196446 27723
2020-07-04 237878 11408 198949 27521
2020-07-05 240438 11571 201330 27537
2020-07-06 243051 11731 204083 27237
2020-07-07 245688 11931 207000 26757
2020-07-08 248379 12084 209463 26832
2020-07-09 250458 12305 212176 25977
2020-07-10 252720 12447 215015 25258
2020-07-11 255117 12635 217666 24816
2020-07-12 257303 12829 219993 24481
2020-07-13 259652 13032 222539 24081
2020-07-14 262173 13211 225270 23692
2020-07-15 264561 13410 227561 23590
2020-07-16 267061 13608 230608 22845
2020-07-17 269440 13791 232873 22776
2020-07-18 271606 13979 235300 22327
2020-07-19 273788 14188 237788 21812
2020-07-20 276202 14405 240087 21710
2020-07-21 278827 14634 242351 21842
2020-07-22 281413 14853 244840 21720
2020-07-23 284034 15074 247230 21730
2020-07-24 286523 15289 249212 22022
2020-07-25 288839 15484 251319 22036
2020-07-26 291172 15700 253213 22259
2020-07-27 293606 15912 255144 22550
2020-07-28 296273 16147 257019 23107
2020-07-29 298909 16343 259116 23450
2020-07-30 301530 16569 261200 23761
2020-07-31 304204 16766 263519 23919
2020-08-01 306752 16982 265830 23940
2020-08-02 309437 17190 268102 24145
2020-08-03 312035 17405 270228 24402
2020-08-04 314786 17617 272535 24634
2020-08-05 317483 17802 274932 24749
2020-08-06 320117 17976 277463 24678
2020-08-07 322567 18132 279724 24711
2020-08-08 324692 18264 282122 24306
2020-08-09 326712 18427 284371 23914
2020-08-10 328844 18616 286642 23586
2020-08-11 331189 18800 288620 23769
2020-08-12 333699 18988 290244 24467
2020-08-13 336324 19162 292058 25104
2020-08-14 338825 19331 293811 25683
2020-08-15 341070 19492 295630 25948
2020-08-16 343203 19639 297486 26078
2020-08-17 345450 19804 299157 26489
2020-08-18 347835 19972 300881 26982
2020-08-19 350279 20125 302528 27626
2020-08-20 352558 20264 304236 28058
2020-08-21 354764 20376 305866 28522
2020-08-22 356792 20502 307702 28588
2020-08-23 358905 20643 309464 28798
2020-08-24 361150 20776 311365 29009
2020-08-25 363363 20901 313058 29404
2020-08-26 365606 21020 314870 29716
2020-08-27 367796 21137 316638 30021
2020-08-28 369911 21249 318270 30392
2020-08-29 371816 21359 319847 30610
2020-08-30 373570 21462 321421 30687
2020-08-31 375212 21571 323233 30408
2020-09-01 376894 21672 325124 30098
2020-09-02 378752 21797 326801 30154
2020-09-03 380746 21926 328595 30225
2020-09-04 382772 22044 330308 30420
2020-09-05 384666 22154 332131 30381
2020-09-06 386658 22293 333900 30465
2020-09-07 388810 22410 335572 30828
2020-09-08 391112 22542 337414 31156
2020-09-09 393425 22669 339111 31645
2020-09-10 395488 22798 340842 31848
2020-09-11 397801 22913 342539 32349
2020-09-12 399940 23029 344516 32395
2020-09-13 402029 23157 346242 32630
2020-09-14 404648 23313 348013 33322
2020-09-15 407353 23453 349984 33916
2020-09-16 410334 23632 352019 34683
2020-09-17 413149 23808 353848 35493
2020-09-18 416198 23952 355505 36741
2020-09-19 419043 24118 357632 37293
2020-09-20 422140 24301 359570 38269
2020-09-21 425481 24478 361523 39480
2020-09-22 429193 24656 363737 40800
2020-09-23 432798 24840 365846 42112
2020-09-24 436319 25015 367829 43475
2020-09-25 439882 25222 369842 44818
2020-09-26 443086 25394 372051 45641
2020-09-27 446448 25589 374170 46689
2020-09-28 449960 25779 376531 47650
2020-09-29 453637 25986 378727 48924
2020-09-30 457219 26169 380956 50094
2020-10-01 461044 26380 383368 51296
2020-10-02 464596 26567 385264 52765
2020-10-03 468119 26746 387675 53698
2020-10-04 471772 26957 389966 54849
2020-10-05 475674 27192 392293 56189
2020-10-06 479825 27419 394800 57606
2020-10-07 483844 27658 397109 59077
2020-10-08 488236 27888 399300 61048
2020-10-09 492378 28098 401379 62901
2020-10-10 496253 28293 403950 64010
2020-10-11 500075 28544 406389 65142
2020-10-12 504281 28816 409121 66344
2020-10-13 508389 29070 411840 67479
2020-10-14 513219 29349 414831 69039
2020-10-15 517835 29605 418054 70176
2020-10-16 522387 29870 420910 71607
2020-10-17 526490 30123 423921 72446
2020-10-18 530380 30375 427400 72605
2020-10-19 534631 30712 431360 72559
2020-10-20 539670 31034 434676 73960
2020-10-21 545286 31346 438709 75231
2020-10-22 550757 31650 442674 76433
2020-10-23 556891 31985 446685 78221
2020-10-24 562705 32320 450891 79494
2020-10-25 568896 32616 455054 81226
2020-10-26 574856 32953 459250 82653
2020-10-27 581824 33299 463611 84914
2020-10-28 588648 33714 467917 87017
2020-10-29 596941 34113 472598 90230
2020-10-30 604952 34478 477300 93174
2020-10-31 612772 34864 481930 95978
2020-11-01 620491 35298 486691 98502
2020-11-02 628780 35738 491247 101795
2020-11-03 637712 36160 495473 106079
2020-11-04 646164 36579 500400 109185
2020-11-05 654936 36985 505287 112664
2020-11-06 663800 37409 509952 116439
2020-11-07 673250 37832 515153 120265
2020-11-08 682486 38291 520329 123866
2020-11-09 692949 38749 525641 128559
2020-11-10 703288 39202 530694 133392
2020-11-11 715068 39664 536105 139299
2020-11-12 726585 40121 541566 144898
2020-11-13 738322 40582 546642 151098
2020-11-14 749525 41034 552747 155744
2020-11-15 762068 41493 558818 161757
2020-11-16 775121 41979 564699 168443
2020-11-17 788473 42461 570774 175238
2020-11-18 801894 42941 576983 181970
2020-11-19 815117 43417 583704 187996
2020-11-20 828377 43896 589025 195456
2020-11-21 841308 44327 596136 200845
2020-11-22 854361 44802 603445 206114
2020-11-23 866821 45255 610406 211160
2020-11-24 880542 45738 617715 217089
2020-11-25 894385 46207 625606 222572
2020-11-26 908346 46689 633275 228382
2020-11-27 922397 47095 640065 235237
2020-11-28 935799 47486 648831 239482
2020-11-29 948749 47874 658292 242583
2020-11-30 962070 48246 668151 245673
2020-12-01 975951 48628 677963 249360
2020-12-02 989572 48990 688054 252528
