Date Confirmed Deaths Recovered Active
2020-01-22 0 0 0 0
2020-01-23 0 0 0 0
2020-01-24 0 0 0 0
2020-01-25 0 0 0 0
2020-01-26 0 0 0 0
2020-01-27 0 0 0 0
2020-01-28 0 0 0 0
2020-01-29 0 0 0 0
2020-01-30 0 0 0 0
2020-01-31 2 0 0 2
2020-02-01 2 0 0 2
2020-02-02 2 0 0 2
2020-02-03 2 0 0 2
2020-02-04 2 0 0 2
2020-02-05 2 0 0 2
2020-02-06 2 0 0 2
2020-02-07 3 0 0 3
2020-02-08 3 0 0 3
2020-02-09 3 0 0 3
2020-02-10 3 0 0 3
2020-02-11 3 0 0 3
2020-02-12 3 0 0 3
2020-02-13 3 0 0 3
2020-02-14 3 0 0 3
2020-02-15 3 0 0 3
2020-02-16 3 0 0 3
2020-02-17 3 0 0 3
2020-02-18 3 0 0 3
2020-02-19 3 0 0 3
2020-02-20 3 0 0 3
2020-02-21 20 1 0 19
2020-02-22 62 2 1 59
2020-02-23 155 3 2 150
2020-02-24 229 7 1 221
2020-02-25 322 10 1 311
2020-02-26 453 12 3 438
2020-02-27 655 17 45 593
2020-02-28 888 21 46 821
2020-02-29 1128 29 46 1053
2020-03-01 1694 34 83 1577
2020-03-02 2036 52 149 1835
2020-03-03 2502 79 160 2263
2020-03-04 3089 107 276 2706
2020-03-05 3858 148 414 3296
2020-03-06 4636 197 523 3916
2020-03-07 5883 233 589 5061
2020-03-08 7375 366 622 6387
2020-03-09 9172 463 724 7985
2020-03-10 10149 631 724 8794
2020-03-11 12462 827 1045 10590
2020-03-12 15113 1016 1045 13052
2020-03-13 17660 1266 1439 14955
2020-03-14 21157 1441 1966 17750
2020-03-15 24747 1809 2335 20603
2020-03-16 27980 2158 2749 23073
2020-03-17 31506 2503 2941 26062
2020-03-18 35713 2978 4025 28710
2020-03-19 41035 3405 4440 33190
2020-03-20 47021 4032 4440 38549
2020-03-21 53578 4825 6072 42681
2020-03-22 59138 5476 7024 46638
2020-03-23 63927 6077 7024 50826
2020-03-24 69176 6820 8326 54030
2020-03-25 74386 7503 9362 57521
2020-03-26 80589 8215 10361 62013
2020-03-27 86498 9134 10950 66414
2020-03-28 92472 10023 12384 70065
2020-03-29 97689 10779 13030 73880
2020-03-30 101739 11591 14620 75528
2020-03-31 105792 12428 15729 77635
2020-04-01 110574 13155 16847 80572
2020-04-02 115242 13915 18278 83049
2020-04-03 119827 14681 19758 85388
2020-04-04 124632 15362 20996 88274
2020-04-05 128948 15887 21815 91246
2020-04-06 132547 16523 22837 93187
2020-04-07 135586 17127 24392 94067
2020-04-08 139422 17669 26491 95262
2020-04-09 143626 18279 28470 96877
2020-04-10 147577 18849 30455 98273
2020-04-11 152271 19468 32534 100269
2020-04-12 156363 19899 34211 102253
2020-04-13 159516 20465 35435 103616
2020-04-14 162488 21067 37130 104291
2020-04-15 165155 21645 38092 105418
2020-04-16 168941 22170 40164 106607
2020-04-17 172434 22745 42727 106962
2020-04-18 175925 23227 44927 107771
2020-04-19 178972 23660 47055 108257
2020-04-20 181228 24114 48877 108237
2020-04-21 183957 24648 51600 107709
2020-04-22 187327 25085 54543 107699
2020-04-23 189973 25549 57576 106848
2020-04-24 192994 25969 60498 106527
2020-04-25 195351 26384 63120 105847
2020-04-26 197675 26644 64928 106103
2020-04-27 199414 26977 66624 105813
2020-04-28 201505 27359 68941 105205
2020-04-29 203591 27682 71252 104657
2020-04-30 205463 27967 75945 101551
2020-05-01 207428 28236 78249 100943
2020-05-02 209328 28710 79914 100704
2020-05-03 210717 28884 81654 100179
2020-05-04 211938 29079 82879 99980
2020-05-05 213013 29315 85231 98467
2020-05-06 214457 29684 93245 91528
2020-05-07 215858 29958 96276 89624
2020-05-08 217185 30201 99023 87961
2020-05-09 218268 30395 103031 84842
2020-05-10 219070 30560 105186 83324
2020-05-11 219814 30739 106587 82488
2020-05-12 221216 30911 109039 81266
2020-05-13 222104 31106 112541 78457
2020-05-14 223096 31368 115288 76440
2020-05-15 223885 31610 120205 72070
2020-05-16 224760 31763 122810 70187
2020-05-17 225435 31908 125176 68351
2020-05-18 225886 32007 127326 66553
2020-05-19 226699 32169 129401 65129
2020-05-20 227364 32330 132282 62752
2020-05-21 228006 32486 134560 60960
2020-05-22 228658 32616 136720 59322
2020-05-23 229327 32735 138840 57752
2020-05-24 229858 32785 140479 56594
2020-05-25 230158 32877 141981 55300
2020-05-26 230555 32955 144658 52942
2020-05-27 231139 33072 147101 50966
2020-05-28 231732 33142 150604 47986
2020-05-29 232248 33229 152844 46175
2020-05-30 232664 33340 155633 43691
2020-05-31 232997 33415 157507 42075
2020-06-01 233197 33475 158355 41367
2020-06-02 233515 33530 160092 39893
2020-06-03 233836 33601 160938 39297
2020-06-04 234013 33689 161895 38429
2020-06-05 234531 33774 163781 36976
2020-06-06 234801 33846 165078 35877
2020-06-07 234998 33899 165837 35262
2020-06-08 235278 33964 166584 34730
2020-06-09 235561 34043 168646 32872
2020-06-10 235763 34114 169939 31710
2020-06-11 236142 34167 171338 30637
2020-06-12 236305 34223 173085 28997
2020-06-13 236651 34301 174865 27485
2020-06-14 236989 34345 176370 26274
2020-06-15 237290 34371 177010 25909
2020-06-16 237500 34405 178526 24569
2020-06-17 237828 34448 179455 23925
2020-06-18 238159 34514 180544 23101
2020-06-19 238011 34561 181907 21543
2020-06-20 238275 34610 182453 21212
2020-06-21 238499 34634 182893 20972
2020-06-22 238720 34657 183426 20637
2020-06-23 238833 34675 184585 19573
2020-06-24 239410 34644 186111 18655
2020-06-25 239706 34678 186725 18303
2020-06-26 239961 34708 187615 17638
2020-06-27 240136 34716 188584 16836
2020-06-28 240310 34738 188891 16681
2020-06-29 240436 34744 189196 16496
2020-06-30 240578 34767 190248 15563
2020-07-01 240760 34788 190717 15255
2020-07-02 240961 34818 191083 15060
2020-07-03 241184 34833 191467 14884
2020-07-04 241419 34854 191944 14621
2020-07-05 241611 34861 192108 14642
2020-07-06 241819 34869 192241 14709
2020-07-07 241956 34899 192815 14242
2020-07-08 242149 34914 193640 13595
2020-07-09 242363 34926 193978 13459
2020-07-10 242639 34938 194273 13428
2020-07-11 242827 34945 194579 13303
2020-07-12 243061 34954 194928 13179
2020-07-13 243230 34967 195106 13157
2020-07-14 243344 34984 195441 12919
2020-07-15 243506 34997 196016 12493
2020-07-16 243736 35017 196246 12473
2020-07-17 243967 35028 196483 12456
2020-07-18 244216 35042 196806 12368
2020-07-19 244434 35045 196949 12440
2020-07-20 244624 35058 197162 12404
2020-07-21 244752 35073 197431 12248
2020-07-22 245032 35082 197628 12322
2020-07-23 245338 35092 197842 12404
2020-07-24 245590 35097 198192 12301
2020-07-25 245864 35102 198320 12442
2020-07-26 246118 35107 198446 12565
2020-07-27 246286 35112 198593 12581
2020-07-28 246488 35123 198756 12609
2020-07-29 246776 35129 199031 12616
2020-07-30 247158 35132 199796 12230
2020-07-31 247537 35141 199974 12422
2020-08-01 247832 35146 200229 12457
2020-08-02 248070 35154 200460 12456
2020-08-03 248229 35166 200589 12474
2020-08-04 248419 35171 200766 12482
2020-08-05 248803 35181 200976 12646
2020-08-06 249204 35187 201323 12694
2020-08-07 249756 35190 201642 12924
2020-08-08 250103 35203 201947 12953
2020-08-09 250566 35205 202098 13263
2020-08-10 250825 35209 202248 13368
2020-08-11 251237 35215 202461 13561
2020-08-12 251713 35225 202697 13791
2020-08-13 252235 35231 202923 14081
2020-08-14 252809 35234 203326 14249
2020-08-15 253438 35392 203640 14406
2020-08-16 253915 35396 203786 14733
2020-08-17 254235 35400 203968 14867
2020-08-18 254636 35405 204142 15089
2020-08-19 255278 35412 204506 15360
2020-08-20 256118 35418 204686 16014
2020-08-21 257065 35427 204960 16678
2020-08-22 258136 35430 205203 17503
2020-08-23 259345 35437 205470 18438
2020-08-24 260298 35441 205662 19195
2020-08-25 261174 35445 206015 19714
2020-08-26 262540 35458 206329 20753
2020-08-27 263949 35463 206554 21932
2020-08-28 265409 35472 206902 23035
2020-08-29 266853 35473 208224 23156
2020-08-30 268218 35477 208536 24205
2020-08-31 269214 35483 207653 26078
2020-09-01 270189 35491 207944 26754
2020-09-02 271515 35497 208201 27817
2020-09-03 272912 35507 208490 28915
2020-09-04 274644 35518 209027 30099
2020-09-05 276338 35534 209610 31194
2020-09-06 277634 35541 210015 32078
2020-09-07 278784 35553 210238 32993
2020-09-08 280153 35563 210801 33789
2020-09-09 281583 35577 211272 34734
2020-09-10 283180 35587 211885 35708
2020-09-11 284796 35597 212432 36767
2020-09-12 286297 35603 213191 37503
2020-09-13 287753 35610 213634 38509
2020-09-14 288761 35624 213950 39187
2020-09-15 289990 35633 214645 39712
2020-09-16 291442 35645 215265 40532
2020-09-17 293025 35658 215954 41413
2020-09-18 294932 35668 216807 42457
2020-09-19 296569 35692 217716 43161
2020-09-20 298156 35707 218351 44098
2020-09-21 299506 35724 218703 45079
2020-09-22 300897 35738 219670 45489
2020-09-23 302537 35758 220665 46114
2020-09-24 304323 35781 221762 46780
2020-09-25 306235 35801 222716 47718
2020-09-26 308104 35818 223693 48593
2020-09-27 309870 35835 224417 49618
2020-09-28 311364 35851 225190 50323
2020-09-29 313011 35875 226506 50630
2020-09-30 314861 35894 227704 51263
2020-10-01 317409 35918 228844 52647
2020-10-02 319908 35941 229970 53997
2020-10-03 322751 35968 231217 55566
2020-10-04 325329 35986 231914 57429
2020-10-05 327586 36002 232681 58903
2020-10-06 330263 36030 234099 60134
2020-10-07 333940 36061 235303 62576
2020-10-08 338398 36083 236363 65952
2020-10-09 343770 36111 237549 70110
2020-10-10 349494 36140 238525 74829
2020-10-11 354950 36166 239709 79075
2020-10-12 359569 36205 240600 82764
2020-10-13 365467 36246 242028 87193
2020-10-14 372799 36289 244065 92445
2020-10-15 381602 36372 245964 99266
2020-10-16 391611 36427 247872 107312
2020-10-17 402536 36474 249127 116935
2020-10-18 414241 36543 251461 126237
2020-10-19 423578 36616 252959 134003
2020-10-20 434449 36705 255005 142739
2020-10-21 449648 36832 257374 155442
2020-10-22 465726 36968 259456 169302
2020-10-23 484869 37059 261808 186002
2020-10-24 504509 37210 264117 203182
2020-10-25 525782 37338 266203 222241
2020-10-26 542789 37479 268626 236684
2020-10-27 564778 37700 271988 255090
2020-10-28 589766 37905 275404 276457
2020-10-29 616595 38122 279282 299191
2020-10-30 647674 38321 283567 325786
2020-10-31 679430 38618 289426 351386
2020-11-01 709335 38826 292380 378129
2020-11-02 731588 39059 296017 396512
2020-11-03 759829 39412 302275 418142
2020-11-04 790377 39764 307378 443235
2020-11-05 824879 40192 312339 472348
2020-11-06 862681 40638 322925 499118
2020-11-07 902490 41063 328891 532536
2020-11-08 935104 41394 335074 558636
2020-11-09 960373 41750 345289 573334
2020-11-10 995463 42330 363023 590110
2020-11-11 1028424 42953 372113 613358
2020-11-12 1066401 43589 387758 635054
2020-11-13 1107303 44139 399238 663926
2020-11-14 1144552 44683 411434 688435
2020-11-15 1178529 45229 420810 712490
2020-11-16 1205881 45733 442364 717784
2020-11-17 1238072 46464 457798 733810
2020-11-18 1272352 47217 481967 743168
2020-11-19 1308528 47870 498987 761671
2020-11-20 1345767 48569 520022 777176
2020-11-21 1380531 49261 539524 791746
2020-11-22 1408868 49823 553098 805947
2020-11-23 1431795 50453 584493 796849
2020-11-24 1455022 51306 605330 798386
2020-11-25 1480874 52028 637149 791697
2020-11-26 1509875 52850 661180 795845
2020-11-27 1538217 53677 696647 787893
2020-11-28 1564532 54363 720861 789308
2020-11-29 1585178 54904 734503 795771
2020-11-30 1601554 55576 757507 788471
2020-12-01 1620901 56361 784595 779945
2020-12-02 1641610 57045 823335 761230
