Date Confirmed Deaths Recovered Active
2020-01-22 2 0 0 2
2020-01-23 2 0 0 2
2020-01-24 2 0 0 2
2020-01-25 2 0 0 2
2020-01-26 4 0 1 3
2020-01-27 4 0 1 3
2020-01-28 7 0 1 6
2020-01-29 7 0 1 6
2020-01-30 11 0 1 10
2020-01-31 15 0 1 14
2020-02-01 20 0 1 19
2020-02-02 20 0 1 19
2020-02-03 20 0 1 19
2020-02-04 22 0 1 21
2020-02-05 23 0 1 22
2020-02-06 23 0 1 22
2020-02-07 23 0 1 22
2020-02-08 24 0 1 23
2020-02-09 24 0 1 23
2020-02-10 26 0 4 22
2020-02-11 27 0 9 18
2020-02-12 28 0 9 19
2020-02-13 33 1 9 23
2020-02-14 43 1 9 33
2020-02-15 54 1 12 41
2020-02-16 60 1 12 47
2020-02-17 67 1 12 54
2020-02-18 79 2 13 64
2020-02-19 85 2 18 65
2020-02-20 95 2 18 75
2020-02-21 112 2 22 88
2020-02-22 137 2 22 113
2020-02-23 149 2 22 125
2020-02-24 160 2 22 136
2020-02-25 173 3 22 148
2020-02-26 192 3 22 167
2020-02-27 218 4 22 192
2020-02-28 236 5 22 209
2020-02-29 245 6 32 207
2020-03-01 259 6 32 221
2020-03-02 278 6 32 240
2020-03-03 298 6 43 249
2020-03-04 333 7 43 283
2020-03-05 365 7 43 315
2020-03-06 420 7 46 367
2020-03-07 466 7 76 383
2020-03-08 499 8 76 415
2020-03-09 527 10 76 441
2020-03-10 585 13 101 471
2020-03-11 640 15 118 507
2020-03-12 696 19 118 559
2020-03-13 733 21 118 594
2020-03-14 795 22 118 655
2020-03-15 826 24 118 684
2020-03-16 843 30 144 669
2020-03-17 893 30 144 719
2020-03-18 928 32 144 752
2020-03-19 968 33 150 785
2020-03-20 1022 34 191 797
2020-03-21 1059 36 232 791
2020-03-22 1104 40 235 829
2020-03-23 1144 41 235 868
2020-03-24 1217 42 285 890
2020-03-25 1314 45 310 959
2020-03-26 1416 47 359 1010
2020-03-27 1530 53 372 1105
2020-03-28 1728 56 404 1268
2020-03-29 1907 63 424 1420
2020-03-30 2001 65 424 1512
2020-03-31 2255 67 424 1764
2020-04-01 2535 72 472 1991
2020-04-02 2818 75 472 2271
2020-04-03 3154 81 514 2559
2020-04-04 3525 87 514 2924
2020-04-05 3876 93 514 3269
2020-04-06 4110 96 575 3439
2020-04-07 4485 98 592 3795
2020-04-08 5020 105 622 4293
2020-04-09 5614 113 632 4869
2020-04-10 6250 125 685 5440
2020-04-11 6951 138 762 6051
2020-04-12 7473 147 762 6564
2020-04-13 7773 156 784 6833
2020-04-14 8277 170 799 7308
2020-04-15 8835 186 853 7796
2020-04-16 9398 204 901 8293
2020-04-17 9958 217 935 8806
2020-04-18 10548 236 1069 9243
2020-04-19 10914 255 1159 9500
2020-04-20 11258 275 1159 9824
2020-04-21 11641 303 1239 10099
2020-04-22 12037 323 1356 10358
2020-04-23 12469 351 1494 10624
2020-04-24 12854 360 1530 10964
2020-04-25 13186 379 1656 11151
2020-04-26 13405 395 1809 11201
2020-04-27 13576 417 1899 11260
2020-04-28 13860 436 1899 11525
2020-04-29 14076 454 2368 11254
2020-04-30 14284 481 2460 11343
2020-05-01 14558 510 2975 11073
2020-05-02 14861 536 3205 11120
2020-05-03 15061 560 3981 10520
2020-05-04 15229 582 4156 10491
2020-05-05 15354 593 4496 10265
2020-05-06 15455 605 4496 10354
2020-05-07 15553 617 4918 10018
2020-05-08 15640 634 5146 9860
2020-05-09 15755 654 5906 9195
2020-05-10 15824 666 8127 7031
2020-05-11 15861 685 8293 6883
2020-05-12 15948 707 8531 6710
2020-05-13 15998 726 8920 6352
2020-05-14 16096 742 9868 5486
2020-05-15 16148 760 10338 5050
2020-05-16 16202 778 10338 5086
2020-05-17 16226 787 11153 4286
2020-05-18 16259 796 11564 3899
2020-05-19 16287 805 11564 3918
2020-05-20 16321 818 11564 3939
2020-05-21 16362 826 12672 2864
2020-05-22 16385 836 13005 2544
2020-05-23 16410 845 13244 2321
2020-05-24 16451 852 13413 2186
2020-05-25 16472 857 13612 2003
2020-05-26 16502 863 13810 1829
2020-05-27 16528 870 13973 1685
2020-05-28 16598 881 14096 1621
2020-05-29 16673 887 14213 1573
2020-05-30 16716 894 14267 1555
2020-05-31 16751 898 14342 1511
2020-06-01 16787 899 14463 1425
2020-06-02 16837 902 14585 1350
2020-06-03 16867 905 14702 1260
2020-06-04 16911 911 14785 1215
2020-06-05 16958 916 14925 1117
2020-06-06 17000 915 14927 1158
2020-06-07 17039 917 14990 1132
2020-06-08 17060 920 15043 1097
2020-06-09 17111 920 15141 1050
2020-06-10 17146 922 15217 1007
2020-06-11 17187 922 15233 1032
2020-06-12 17250 924 15362 964
2020-06-13 17293 927 15458 908
2020-06-14 17369 927 15514 928
2020-06-15 17439 929 15567 943
2020-06-16 17484 934 15652 898
2020-06-17 17530 935 15753 842
2020-06-18 17588 935 15753 900
2020-06-19 17658 951 15844 863
2020-06-20 17725 955 15948 822
2020-06-21 17780 955 15948 877
2020-06-22 17820 955 15957 908
2020-06-23 17879 965 16096 818
2020-06-24 17963 967 16101 895
2020-06-25 18055 971 16142 942
2020-06-26 18162 971 16224 967
2020-06-27 18254 971 16293 990
2020-06-28 18366 972 16327 1067
2020-06-29 18476 972 16388 1116
2020-06-30 18615 972 16458 1185
2020-07-01 18838 976 16563 1299
2020-07-02 19055 977 16615 1463
2020-07-03 19185 977 16721 1487
2020-07-04 19461 977 16832 1652
2020-07-05 19668 977 16870 1821
2020-07-06 19848 978 17007 1863
2020-07-07 20055 981 17057 2017
2020-07-08 20261 982 17057 2222
2020-07-09 20617 982 17412 2223
2020-07-10 21044 982 17494 2568
2020-07-11 21430 982 17494 2954
2020-07-12 21841 983 17845 3013
2020-07-13 22125 984 18058 3083
2020-07-14 22437 984 18126 3327
2020-07-15 23172 984 18126 4062
2020-07-16 23510 985 18641 3884
2020-07-17 24104 985 18944 4175
2020-07-18 24946 986 19211 4749
2020-07-19 25446 986 19211 5249
2020-07-20 25706 988 19603 5115
2020-07-21 26463 988 20001 5474
2020-07-22 27136 990 20482 5664
2020-07-23 28114 992 20878 6244
2020-07-24 28883 994 21173 6716
2020-07-25 29684 996 21464 7224
2020-07-26 30548 998 21606 7944
2020-07-27 31142 998 21970 8174
2020-07-28 32116 1001 22636 8479
2020-07-29 33382 1001 23351 9030
2020-07-30 35144 1007 24024 10113
2020-07-31 36234 1008 24774 10452
2020-08-01 37804 1012 25347 11445
2020-08-02 39116 1013 25748 12355
2020-08-03 40099 1018 26476 12605
2020-08-04 41347 1023 27187 13137
2020-08-05 42686 1028 28020 13638
2020-08-06 44167 1034 28858 14275
2020-08-07 45764 1042 30241 14481
2020-08-08 47342 1042 31248 15052
2020-08-09 48782 1047 32867 14868
2020-08-10 49617 1052 33450 15115
2020-08-11 50302 1058 34136 15108
2020-08-12 51288 1066 34969 15253
2020-08-13 52471 1073 36191 15207
2020-08-14 53818 1080 35498 17240
2020-08-15 55051 1093 39439 14519
2020-08-16 56074 1103 40560 14411
2020-08-17 56717 1112 41591 14014
2020-08-18 57636 1135 42965 13536
2020-08-19 58728 1148 43786 13794
2020-08-20 59900 1157 45110 13633
2020-08-21 60949 1175 46264 13510
2020-08-22 61916 1179 47418 13319
2020-08-23 62658 1188 48319 13151
2020-08-24 63158 1201 49089 12868
2020-08-25 63888 1219 50092 12577
2020-08-26 64779 1230 51407 12142
2020-08-27 65653 1241 52542 11870
2020-08-28 66499 1251 53691 11557
2020-08-29 67353 1271 54883 11199
2020-08-30 67958 1285 55700 10973
2020-08-31 68396 1298 56338 10760
2020-09-01 69023 1313 57503 10207
2020-09-02 69619 1327 58108 10184
2020-09-03 70278 1334 58200 10744
2020-09-04 70866 1352 60093 9421
2020-09-05 71467 1361 61099 9007
2020-09-06 71918 1366 61730 8822
2020-09-07 72213 1377 62190 8646
2020-09-08 72724 1398 62936 8390
2020-09-09 73264 1412 63734 8118
2020-09-10 73916 1416 64489 8011
2020-09-11 74558 1428 65244 7886
2020-09-12 75206 1441 65934 7831
2020-09-13 75646 1448 66524 7674
2020-09-14 75914 1455 66901 7558
2020-09-15 76446 1463 66901 8082
2020-09-16 76997 1481 68110 7406
2020-09-17 77488 1490 68827 7171
2020-09-18 78061 1500 69468 7093
2020-09-19 78662 1504 70051 7107
2020-09-20 79142 1508 70604 7030
2020-09-21 79462 1518 70970 6974
2020-09-22 79773 1519 71214 7040
2020-09-23 80009 1525 71547 6937
2020-09-24 80490 1540 72066 6884
2020-09-25 81054 1544 73016 6494
2020-09-26 81703 1547 73677 6479
2020-09-27 82186 1549 73677 6960
2020-09-28 82484 1561 74495 6428
2020-09-29 83022 1568 74962 6492
2020-09-30 83591 1575 75522 6494
2020-10-01 84244 1580 76081 6583
2020-10-02 84768 1591 76700 6477
2020-10-03 85345 1594 76700 7051
2020-10-04 85746 1598 77851 6297
2020-10-05 86027 1602 78071 6354
2020-10-06 86540 1609 78521 6410
2020-10-07 87039 1614 79123 6302
2020-10-08 87679 1617 79674 6388
2020-10-09 88267 1623 80140 6504
2020-10-10 88962 1626 80798 6538
2020-10-11 89400 1628 81266 6506
2020-10-12 89652 1631 81552 6469
2020-10-13 90153 1635 82063 6455
2020-10-14 90694 1646 82576 6472
2020-10-15 91402 1650 83272 6480
2020-10-16 92044 1664 83882 6498
2020-10-17 92670 1670 84461 6539
2020-10-18 93098 1672 84461 6965
2020-10-19 93408 1676 85310 6422
2020-10-20 93895 1679 85867 6349
2020-10-21 94515 1686 86429 6400
2020-10-22 95134 1697 87022 6415
2020-10-23 95868 1706 87600 6562
2020-10-24 96599 1710 88138 6751
2020-10-25 97095 1716 88610 6769
2020-10-26 97503 1721 89031 6751
2020-10-27 98146 1726 89465 6955
2020-10-28 98877 1731 90118 7028
2020-10-29 99674 1748 90624 7302
2020-10-30 100450 1756 91184 7510
2020-10-31 101327 1769 89765 9793
2020-11-01 101943 1776 92250 7917
2020-11-02 102431 1787 92673 7971
2020-11-03 103309 1794 93133 8382
2020-11-04 103928 1799 93564 8565
2020-11-05 104964 1806 94376 8782
2020-11-06 106136 1810 95010 9316
2020-11-07 107439 1815 95703 9921
2020-11-08 108394 1821 96430 10143
2020-11-09 109191 1834 96684 10673
2020-11-10 110487 1840 98487 10160
2020-11-11 112011 1847 98305 11859
2020-11-12 113655 1854 99282 12519
2020-11-13 115360 1864 100197 13299
2020-11-14 117113 1865 101162 14086
2020-11-15 118611 1874 91954 24783
2020-11-16 119557 1883 102810 14864
2020-11-17 121247 1895 103778 15574
2020-11-18 123477 1908 104837 16732
2020-11-19 125859 1920 106074 17865
2020-11-20 128285 1930 107521 18834
2020-11-21 130871 1932 108981 19958
2020-11-22 133034 1943 110273 20818
2020-11-23 134554 1949 111343 21262
