Date Confirmed Deaths Recovered Active
2020-01-22 0 0 0 0
2020-01-23 0 0 0 0
2020-01-24 0 0 0 0
2020-01-25 0 0 0 0
2020-01-26 0 0 0 0
2020-01-27 0 0 0 0
2020-01-28 0 0 0 0
2020-01-29 0 0 0 0
2020-01-30 0 0 0 0
2020-01-31 0 0 0 0
2020-02-01 0 0 0 0
2020-02-02 0 0 0 0
2020-02-03 0 0 0 0
2020-02-04 0 0 0 0
2020-02-05 0 0 0 0
2020-02-06 0 0 0 0
2020-02-07 0 0 0 0
2020-02-08 0 0 0 0
2020-02-09 0 0 0 0
2020-02-10 0 0 0 0
2020-02-11 0 0 0 0
2020-02-12 0 0 0 0
2020-02-13 0 0 0 0
2020-02-14 0 0 0 0
2020-02-15 0 0 0 0
2020-02-16 0 0 0 0
2020-02-17 0 0 0 0
2020-02-18 0 0 0 0
2020-02-19 0 0 0 0
2020-02-20 0 0 0 0
2020-02-21 0 0 0 0
2020-02-22 0 0 0 0
2020-02-23 0 0 0 0
2020-02-24 0 0 0 0
2020-02-25 0 0 0 0
2020-02-26 0 0 0 0
2020-02-27 0 0 0 0
2020-02-28 0 0 0 0
2020-02-29 0 0 0 0
2020-03-01 0 0 0 0
2020-03-02 0 0 0 0
2020-03-03 0 0 0 0
2020-03-04 1 0 0 1
2020-03-05 1 0 0 1
2020-03-06 1 0 0 1
2020-03-07 1 0 0 1
2020-03-08 1 0 0 1
2020-03-09 1 0 0 1
2020-03-10 1 0 0 1
2020-03-11 1 0 0 1
2020-03-12 1 0 1 0
2020-03-13 1 0 1 0
2020-03-14 4 0 1 3
2020-03-15 4 0 1 3
2020-03-16 4 0 1 3
2020-03-17 7 0 1 6
2020-03-18 28 0 1 27
2020-03-19 28 0 1 27
2020-03-20 28 0 1 27
2020-03-21 37 0 4 33
2020-03-22 37 0 4 33
2020-03-23 51 0 5 46
2020-03-24 51 0 7 44
2020-03-25 51 0 7 44
2020-03-26 56 0 12 44
2020-03-27 56 0 19 37
2020-03-28 56 0 28 28
2020-03-29 56 0 28 28
2020-03-30 62 0 37 25
2020-03-31 68 0 44 24
2020-04-01 68 0 46 22
2020-04-02 75 0 50 25
2020-04-03 76 0 51 25
2020-04-04 77 1 55 21
2020-04-05 77 1 56 20
2020-04-06 77 1 58 18
2020-04-07 78 1 61 16
2020-04-08 78 1 61 16
2020-04-09 78 1 66 11
2020-04-10 79 1 70 8
2020-04-11 79 1 72 6
2020-04-12 79 1 77 1
2020-04-13 79 1 77 1
2020-04-14 79 1 77 1
2020-04-15 79 1 77 1
2020-04-16 79 1 77 1
2020-04-17 79 1 77 1
2020-04-18 79 1 77 1
2020-04-19 81 1 78 2
2020-04-20 81 1 78 2
2020-04-21 81 1 78 2
2020-04-22 81 1 79 1
2020-04-23 81 1 79 1
2020-04-24 81 1 79 1
2020-04-25 81 1 79 1
2020-04-26 82 1 79 2
2020-04-27 82 1 79 2
2020-04-28 82 1 80 1
2020-04-29 82 1 80 1
2020-04-30 82 1 80 1
2020-05-01 82 1 80 1
2020-05-02 82 1 80 1
2020-05-03 82 1 80 1
2020-05-04 82 1 80 1
2020-05-05 82 1 80 1
2020-05-06 82 1 81 0
2020-05-07 82 1 81 0
2020-05-08 82 1 81 0
2020-05-09 82 1 81 0
2020-05-10 82 1 81 0
2020-05-11 82 1 81 0
2020-05-12 82 1 81 0
2020-05-13 82 1 81 0
2020-05-14 82 1 81 0
2020-05-15 82 1 81 0
2020-05-16 82 1 81 0
2020-05-17 82 1 81 0
2020-05-18 82 1 81 0
2020-05-19 82 1 81 0
2020-05-20 82 1 81 0
2020-05-21 82 1 81 0
2020-05-22 82 1 81 0
2020-05-23 82 1 81 0
2020-05-24 82 1 81 0
2020-05-25 82 1 81 0
2020-05-26 82 1 81 0
2020-05-27 82 1 81 0
2020-05-28 82 1 81 0
2020-05-29 82 1 81 0
2020-05-30 82 1 81 0
2020-05-31 82 1 81 0
2020-06-01 82 1 81 0
2020-06-02 82 1 81 0
2020-06-03 82 1 81 0
2020-06-04 82 1 81 0
2020-06-05 82 1 81 0
2020-06-06 82 1 81 0
2020-06-07 82 1 81 0
2020-06-08 82 1 81 0
2020-06-09 82 1 81 0
2020-06-10 82 1 81 0
2020-06-11 82 1 81 0
2020-06-12 82 1 81 0
2020-06-13 82 1 81 0
2020-06-14 82 1 81 0
2020-06-15 82 1 81 0
2020-06-16 82 1 81 0
2020-06-17 82 1 81 0
2020-06-18 82 1 81 0
2020-06-19 82 1 81 0
2020-06-20 82 1 81 0
2020-06-21 82 1 81 0
2020-06-22 82 1 81 0
2020-06-23 82 1 81 0
2020-06-24 82 1 81 0
2020-06-25 82 1 81 0
2020-06-26 82 1 81 0
2020-06-27 82 1 81 0
2020-06-28 82 1 81 0
2020-06-29 82 1 81 0
2020-06-30 82 1 81 0
2020-07-01 82 1 81 0
2020-07-02 83 1 81 1
2020-07-03 83 1 81 1
2020-07-04 83 1 81 1
2020-07-05 83 1 81 1
2020-07-06 84 1 81 2
2020-07-07 84 1 81 2
2020-07-08 84 1 81 2
2020-07-09 84 1 81 2
2020-07-10 84 1 81 2
2020-07-11 84 1 81 2
2020-07-12 84 1 82 1
2020-07-13 84 1 82 1
2020-07-14 84 1 82 1
2020-07-15 84 1 83 0
2020-07-16 84 1 83 0
2020-07-17 85 1 83 1
2020-07-18 86 1 83 2
2020-07-19 86 1 83 2
2020-07-20 86 1 83 2
2020-07-21 86 1 83 2
2020-07-22 86 1 81 4
2020-07-23 86 1 81 4
2020-07-24 86 1 81 4
2020-07-25 86 1 81 4
2020-07-26 86 1 81 4
2020-07-27 86 1 81 4
2020-07-28 87 1 81 5
2020-07-29 88 1 85 2
2020-07-30 88 1 85 2
2020-07-31 88 1 85 2
2020-08-01 88 1 85 2
2020-08-02 89 1 85 3
2020-08-03 89 1 85 3
2020-08-04 89 1 85 3
2020-08-05 89 1 85 3
2020-08-06 89 1 85 3
2020-08-07 89 1 85 3
2020-08-08 89 1 85 3
2020-08-09 89 1 85 3
2020-08-10 89 1 85 3
2020-08-11 89 1 87 1
2020-08-12 90 1 87 2
2020-08-13 90 1 87 2
2020-08-14 91 1 87 3
2020-08-15 91 1 87 3
2020-08-16 91 1 87 3
2020-08-17 94 1 87 6
2020-08-18 97 1 88 8
2020-08-19 98 1 88 9
2020-08-20 99 1 88 10
2020-08-21 99 1 88 10
2020-08-22 99 1 88 10
2020-08-23 99 1 88 10
2020-08-24 100 1 90 9
2020-08-25 102 1 94 7
2020-08-26 102 1 94 7
2020-08-27 105 1 96 8
2020-08-28 106 1 96 9
2020-08-29 107 1 97 9
2020-08-30 107 1 97 9
2020-08-31 107 1 97 9
2020-09-01 107 1 97 9
2020-09-02 107 1 97 9
2020-09-03 107 1 97 9
2020-09-04 107 1 97 9
2020-09-05 107 1 97 9
2020-09-06 107 1 97 9
2020-09-07 107 1 97 9
2020-09-08 107 1 97 9
2020-09-09 108 1 105 2
2020-09-10 109 1 105 3
2020-09-11 109 1 105 3
2020-09-12 111 1 105 5
2020-09-13 111 1 105 5
2020-09-14 111 1 105 5
2020-09-15 111 1 105 5
2020-09-16 111 1 105 5
2020-09-17 112 1 108 3
2020-09-18 112 1 108 3
2020-09-19 113 1 109 3
2020-09-20 113 1 109 3
2020-09-21 114 1 110 3
2020-09-22 115 1 110 4
2020-09-23 116 1 110 5
2020-09-24 116 1 110 5
2020-09-25 117 1 110 6
2020-09-26 117 1 110 6
2020-09-27 117 1 110 6
2020-09-28 117 1 110 6
2020-09-29 118 1 113 4
2020-09-30 118 1 113 4
2020-10-01 119 1 114 4
2020-10-02 120 1 116 3
2020-10-03 123 1 116 6
2020-10-04 126 1 116 9
2020-10-05 127 1 116 10
2020-10-06 130 1 116 13
2020-10-07 131 1 116 14
2020-10-08 135 1 117 17
2020-10-09 139 1 117 21
2020-10-10 142 1 117 24
2020-10-11 144 1 121 22
2020-10-12 148 1 124 23
2020-10-13 163 1 128 34
2020-10-14 174 1 131 42
2020-10-15 183 1 131 51
2020-10-16 192 1 132 59
2020-10-17 217 1 132 84
2020-10-18 224 1 132 91
2020-10-19 224 1 142 81
2020-10-20 235 1 142 92
2020-10-21 252 1 145 106
2020-10-22 282 1 158 123
2020-10-23 324 1 170 153
2020-10-24 340 1 170 169
2020-10-25 365 1 170 194
2020-10-26 402 1 210 191
2020-10-27 428 1 210 217
2020-10-28 450 1 228 221
2020-10-29 476 1 265 210
2020-10-30 513 2 347 164
2020-10-31 533 3 347 183
2020-11-01 551 3 347 201
2020-11-02 598 3 355 240
2020-11-03 631 3 379 249
2020-11-04 659 3 423 233
2020-11-05 692 3 454 235
2020-11-06 741 3 481 257
2020-11-07 765 3 481 281
2020-11-08 788 3 481 304
2020-11-09 801 4 565 232
2020-11-10 846 4 590 252
2020-11-11 877 4 616 257
2020-11-12 905 4 656 245
2020-11-13 928 5 682 241
2020-11-14 970 5 682 283
2020-11-15 985 5 682 298
2020-11-16 989 7 763 219
2020-11-17 1002 8 796 198
2020-11-18 1051 8 841 202
2020-11-19 1072 8 865 199
2020-11-20 1094 8 883 203
2020-11-21 1109 8 883 218
2020-11-22 1112 8 883 221
2020-11-23 1156 12 952 192
2020-11-24 1158 13 952 193
2020-11-25 1183 14 985 184
2020-11-26 1208 14 1010 184
2020-11-27 1231 15 1024 192
2020-11-28 1253 15 1024 214
2020-11-29 1253 15 1024 214
2020-11-30 1270 16 1088 166
2020-12-01 1286 16 1110 160
2020-12-02 1318 16 1149 153
