Date Confirmed Deaths Recovered Active
2020-01-22 0 0 0 0
2020-01-23 0 0 0 0
2020-01-24 0 0 0 0
2020-01-25 0 0 0 0
2020-01-26 0 0 0 0
2020-01-27 0 0 0 0
2020-01-28 0 0 0 0
2020-01-29 0 0 0 0
2020-01-30 0 0 0 0
2020-01-31 0 0 0 0
2020-02-01 0 0 0 0
2020-02-02 0 0 0 0
2020-02-03 0 0 0 0
2020-02-04 0 0 0 0
2020-02-05 0 0 0 0
2020-02-06 0 0 0 0
2020-02-07 0 0 0 0
2020-02-08 0 0 0 0
2020-02-09 0 0 0 0
2020-02-10 0 0 0 0
2020-02-11 0 0 0 0
2020-02-12 0 0 0 0
2020-02-13 0 0 0 0
2020-02-14 0 0 0 0
2020-02-15 0 0 0 0
2020-02-16 0 0 0 0
2020-02-17 0 0 0 0
2020-02-18 0 0 0 0
2020-02-19 0 0 0 0
2020-02-20 0 0 0 0
2020-02-21 0 0 0 0
2020-02-22 0 0 0 0
2020-02-23 0 0 0 0
2020-02-24 0 0 0 0
2020-02-25 0 0 0 0
2020-02-26 0 0 0 0
2020-02-27 0 0 0 0
2020-02-28 1 0 0 1
2020-02-29 4 0 0 4
2020-03-01 5 0 0 5
2020-03-02 5 0 0 5
2020-03-03 5 0 1 4
2020-03-04 5 0 1 4
2020-03-05 5 0 1 4
2020-03-06 6 0 1 5
2020-03-07 6 0 1 5
2020-03-08 7 0 1 6
2020-03-09 7 0 1 6
2020-03-10 7 0 4 3
2020-03-11 8 0 4 4
2020-03-12 12 0 4 8
2020-03-13 26 0 4 22
2020-03-14 41 0 4 37
2020-03-15 53 0 4 49
2020-03-16 82 0 4 78
2020-03-17 93 0 4 89
2020-03-18 118 0 4 114
2020-03-19 164 1 4 159
2020-03-20 203 2 4 197
2020-03-21 251 2 4 245
2020-03-22 316 3 4 309
2020-03-23 367 4 4 359
2020-03-24 405 5 4 396
2020-03-25 475 6 4 465
2020-03-26 585 8 4 573
2020-03-27 717 12 4 701
2020-03-28 848 16 4 828
2020-03-29 993 20 4 969
2020-03-30 1094 28 35 1031
2020-03-31 1215 29 35 1151
2020-04-01 1378 37 35 1306
2020-04-02 1510 50 35 1425
2020-04-03 1688 60 633 995
2020-04-04 1890 79 633 1178
2020-04-05 2143 94 633 1416
2020-04-06 2439 125 633 1681
2020-04-07 2785 141 633 2011
2020-04-08 3181 174 633 2374
2020-04-09 3441 194 633 2614
2020-04-10 3844 233 633 2978
2020-04-11 4219 273 633 3313
2020-04-12 4661 296 1772 2593
2020-04-13 5014 332 1843 2839
2020-04-14 5399 406 1964 3029
2020-04-15 5847 449 2125 3273
2020-04-16 6297 486 2125 3686
2020-04-17 6875 546 2125 4204
2020-04-18 7497 650 2125 4722
2020-04-19 8261 686 2627 4948
2020-04-20 8772 712 2627 5433
2020-04-21 9501 857 2627 6017
2020-04-22 10544 970 2627 6947
2020-04-23 11633 1069 2627 7937
2020-04-24 12872 1221 2627 9024
2020-04-25 13842 1305 7149 5388
2020-04-26 14677 1351 8354 4972
2020-04-27 15529 1434 9086 5009
2020-04-28 16752 1569 11423 3760
2020-04-29 17799 1732 11423 4644
2020-04-30 19224 1859 11423 5942
2020-05-01 20739 1972 12377 6390
2020-05-02 22088 2061 12377 7650
2020-05-03 23471 2154 13447 7870
2020-05-04 24905 2271 13447 9187
2020-05-05 26025 2507 16810 6708
2020-05-06 27634 2704 17781 7149
2020-05-07 29616 2961 17781 8874
2020-05-08 31522 3160 20314 8048
2020-05-09 33460 3353 21824 8283
2020-05-10 35022 3465 21824 9733
2020-05-11 36327 3573 23100 9654
2020-05-12 38324 3926 25935 8463
2020-05-13 40186 4220 26990 8976
2020-05-14 42595 4477 28475 9643
2020-05-15 45032 4767 30451 9814
2020-05-16 47144 5045 31848 10251
2020-05-17 49219 5177 33329 10713
2020-05-18 51633 5332 35388 10913
2020-05-19 54346 5666 37325 11355
2020-05-20 56594 6090 38419 12085
2020-05-21 59567 6510 40152 12905
2020-05-22 62527 6989 42191 13347
2020-05-23 65856 7179 44424 14253
2020-05-24 68620 7394 46979 14247
2020-05-25 71105 7633 49452 14020
2020-05-26 74560 8134 51708 14718
2020-05-27 78023 8597 53834 15592
2020-05-28 81400 9044 56041 16315
2020-05-29 84627 9415 59003 16209
2020-05-30 87512 9779 61247 16486
2020-05-31 90664 9930 63772 16962
2020-06-01 93435 10167 66965 16303
2020-06-02 97326 10637 69749 16940
2020-06-03 101238 11729 72680 16829
2020-06-04 105680 12545 74758 18377
2020-06-05 110026 13170 77841 19015
2020-06-06 113619 13511 80830 19278
2020-06-07 117103 13699 83775 19629
2020-06-08 120102 14053 87633 18416
2020-06-09 124301 14649 90748 18904
2020-06-10 129184 15357 93930 19897
2020-06-11 133974 15944 97198 20832
2020-06-12 139196 16448 100876 21872
2020-06-13 142690 16872 104078 21740
2020-06-14 146837 17141 107298 22398
2020-06-15 150264 17580 112292 20392
2020-06-16 154863 18310 115394 21159
2020-06-17 159793 19080 118504 22209
2020-06-18 165455 19747 122180 23528
2020-06-19 170485 20394 126438 23653
2020-06-20 175202 20781 130854 23567
2020-06-21 180545 21825 134495 24225
2020-06-22 185122 22584 139383 23155
2020-06-23 191410 23377 143646 24387
2020-06-24 196847 24324 148487 24036
2020-06-25 202951 25060 152362 25529
2020-06-26 208392 25779 156827 25786
2020-06-27 212802 26381 160721 25700
2020-06-28 216852 26648 164646 25558
2020-06-29 220657 27121 170147 23389
2020-06-30 226089 27769 174538 23782
2020-07-01 231770 28510 178526 24734
2020-07-02 238511 29189 183757 25565
2020-07-03 245251 29843 189345 26063
2020-07-04 252165 30366 195724 26075
2020-07-05 256848 30639 199914 26295
2020-07-06 261750 31119 204826 25805
2020-07-07 268008 32014 209437 26557
2020-07-08 275003 32796 214316 27891
2020-07-09 282283 33526 219628 29129
2020-07-10 289174 34191 225356 29627
2020-07-11 295268 34730 229856 30682
2020-07-12 299750 35006 234905 29839
2020-07-13 304435 35491 240101 28843
2020-07-14 311486 36327 245830 29329
2020-07-15 317635 36906 252368 28361
2020-07-16 324041 37574 257681 28786
2020-07-17 331298 38310 264202 28786
2020-07-18 338913 38888 271239 28786
2020-07-19 344224 39184 254941 50099
2020-07-20 349396 39485 263091 46820
2020-07-21 356255 40400 267407 48448
2020-07-22 362274 41190 270147 50937
2020-07-23 370712 41908 275454 53350
2020-07-24 378285 42645 283382 52258
2020-07-25 385036 43374 288819 52843
2020-07-26 390516 43680 295222 51614
2020-07-27 395489 44022 303810 47657
2020-07-28 402697 44876 308142 49679
2020-07-29 408449 45361 314538 48550
2020-07-30 416179 46000 320100 50079
2020-07-31 424637 46688 327115 50834
2020-08-01 434193 47472 334867 51854
2020-08-02 439046 47746 342527 48773
2020-08-03 443813 48012 353442 42359
2020-08-04 449961 48869 357444 43648
2020-08-05 456100 49698 361764 44638
2020-08-06 462690 50517 365311 46862
2020-08-07 469407 51311 370098 47998
2020-08-08 475902 52006 377125 46771
2020-08-09 480278 52298 384432 43548
2020-08-10 485836 53003 393160 39673
2020-08-11 492522 53929 397278 41315
2020-08-12 498380 54666 401182 42532
2020-08-13 505751 55293 406583 43875
2020-08-14 511369 55908 410479 44982
2020-08-15 517714 56543 418164 43007
2020-08-16 522162 56757 424298 41107
2020-08-17 525733 57023 430840 37870
2020-08-18 531239 57774 433809 39656
2020-08-19 537031 58481 438375 40175
2020-08-20 543806 59106 442782 41918
2020-08-21 549734 59610 448344 41780
2020-08-22 556216 60254 453104 42858
2020-08-23 560164 60480 458123 41561
2020-08-24 563705 60800 466209 36696
2020-08-25 568621 61450 469206 37965
2020-08-26 573888 62076 472197 39615
2020-08-27 579914 62594 475532 41788
2020-08-28 585738 63146 479770 42822
2020-08-29 591712 63819 484283 43610
2020-08-30 595841 64158 489724 41959
2020-08-31 599560 64414 496222 38924
2020-09-01 606036 65241 501722 39073
2020-09-02 610957 65816 504541 40600
2020-09-03 616894 66329 510626 39939
2020-09-04 623090 66851 514663 41576
2020-09-05 629409 67326 518844 43239
2020-09-06 634023 67558 524669 41796
2020-09-07 637509 67781 531334 38394
2020-09-08 642860 68484 535141 39235
2020-09-09 647321 69049 538514 39758
2020-09-10 652364 69649 541804 40911
2020-09-11 658299 70183 547088 41028
2020-09-12 663973 70604 551113 42256
2020-09-13 668381 70821 557381 40179
2020-09-14 671716 71049 564053 36614
2020-09-15 676487 71678 569546 35263
2020-09-16 680931 71978 574203 34750
2020-09-17 684113 72179 579145 32789
2020-09-18 688954 72803 582109 34042
2020-09-19 694121 73258 586154 34709
2020-09-20 697663 73493 590459 33711
2020-09-21 700580 73697 596317 30566
2020-09-22 705263 74348 598953 31962
2020-09-23 710049 74949 601611 33489
2020-09-24 715457 75439 605796 34222
2020-09-25 720858 75844 609041 35973
2020-09-26 726431 76243 612361 37827
2020-09-27 730317 76430 616696 37191
2020-09-28 733717 76603 622398 34716
2020-09-29 738163 77163 625512 35488
2020-09-30 743216 77646 628007 37563
2020-10-01 748315 78078 629630 40607
2020-10-02 753090 78492 633806 40792
2020-10-03 757953 78880 637993 41080
2020-10-04 761665 79088 645123 37454
2020-10-05 789780 81877 670034 37869
2020-10-06 794608 82348 676923 35337
2020-10-07 799188 82726 679693 36769
2020-10-08 804488 83096 682604 38788
2020-10-09 810020 83497 687123 39400
2020-10-10 814328 83642 689377 41309
2020-10-11 817503 83781 694214 39508
2020-10-12 821045 83945 700826 36274
2020-10-13 825340 84420 703457 37463
2020-10-14 829396 84898 703489 41009
2020-10-15 834910 85285 707631 41994
2020-10-16 841661 85704 712250 43707
2020-10-17 847108 86059 715848 45201
2020-10-18 851227 86167 720973 44087
2020-10-19 854926 86338 727759 40829
2020-10-20 860714 86893 730594 43227
2020-10-21 867559 87415 733897 46247
2020-10-22 874171 87415 737437 49319
2020-10-23 880775 88312 740934 51529
2020-10-24 886800 88743 746939 51118
2020-10-25 891160 88924 752691 49545
2020-10-26 895326 89171 760259 45896
2020-10-27 901268 89814 763105 48349
2020-10-28 906863 90309 765128 51426
2020-10-29 912811 90773 770007 52031
2020-10-30 918811 91289 774567 52955
2020-10-31 924962 91753 779371 53838
2020-11-01 929392 91895 786516 50981
2020-11-02 933155 92100 795356 45699
2020-11-03 938405 92593 803086 42726
2020-11-04 943630 93228 804887 45515
2020-11-05 949197 93772 809063 46362
2020-11-06 955128 94323 812556 48249
2020-11-07 961938 94808 816659 50471
2020-11-08 967825 95027 824355 48443
2020-11-09 972785 95225 824355 53205
2020-11-10 978531 95842 824355 58334
2020-11-11 986177 96430 824355 65392
2020-11-12 991835 97056 736197 158582
2020-11-13 997393 97624 741340 158429
2020-11-14 1003253 98259 745361 159633
2020-11-15 1006522 98542 750190 157790
2020-11-16 1009396 98861 754200 156335
2020-11-17 1011153 99026 757951 154176
2020-11-18 1015071 99528 762025 153518
2020-11-19 1019543 100104 766361 153078
2020-11-20 1025969 100823 770728 154418
2020-11-21 1032688 101373 770728 160587
2020-11-22 1041875 101676 779104 161095
2020-11-23 1049358 101926 784693 162739
