Date Confirmed Deaths Recovered Active
2020-01-22 0 0 0 0
2020-01-23 0 0 0 0
2020-01-24 0 0 0 0
2020-01-25 0 0 0 0
2020-01-26 0 0 0 0
2020-01-27 0 0 0 0
2020-01-28 0 0 0 0
2020-01-29 0 0 0 0
2020-01-30 0 0 0 0
2020-01-31 0 0 0 0
2020-02-01 0 0 0 0
2020-02-02 0 0 0 0
2020-02-03 0 0 0 0
2020-02-04 0 0 0 0
2020-02-05 0 0 0 0
2020-02-06 0 0 0 0
2020-02-07 0 0 0 0
2020-02-08 0 0 0 0
2020-02-09 0 0 0 0
2020-02-10 0 0 0 0
2020-02-11 0 0 0 0
2020-02-12 0 0 0 0
2020-02-13 0 0 0 0
2020-02-14 0 0 0 0
2020-02-15 0 0 0 0
2020-02-16 0 0 0 0
2020-02-17 0 0 0 0
2020-02-18 0 0 0 0
2020-02-19 0 0 0 0
2020-02-20 0 0 0 0
2020-02-21 0 0 0 0
2020-02-22 0 0 0 0
2020-02-23 0 0 0 0
2020-02-24 0 0 0 0
2020-02-25 0 0 0 0
2020-02-26 0 0 0 0
2020-02-27 0 0 0 0
2020-02-28 0 0 0 0
2020-02-29 1 0 0 1
2020-03-01 1 0 0 1
2020-03-02 1 0 0 1
2020-03-03 1 0 0 1
2020-03-04 1 0 0 1
2020-03-05 1 0 0 1
2020-03-06 1 0 0 1
2020-03-07 1 0 0 1
2020-03-08 1 0 0 1
2020-03-09 1 0 0 1
2020-03-10 1 0 0 1
2020-03-11 1 0 0 1
2020-03-12 2 0 0 2
2020-03-13 2 0 0 2
2020-03-14 2 0 0 2
2020-03-15 2 0 0 2
2020-03-16 7 0 0 7
2020-03-17 7 0 0 7
2020-03-18 7 0 0 7
2020-03-19 7 0 0 7
2020-03-20 11 0 0 11
2020-03-21 11 0 0 11
2020-03-22 23 0 1 22
2020-03-23 23 0 1 22
2020-03-24 23 0 1 22
2020-03-25 31 0 1 30
2020-03-26 33 0 1 32
2020-03-27 42 0 1 41
2020-03-28 42 0 1 41
2020-03-29 46 1 1 44
2020-03-30 49 1 1 47
2020-03-31 52 1 2 49
2020-04-01 55 1 2 52
2020-04-02 60 1 2 57
2020-04-03 64 1 3 60
2020-04-04 66 1 3 62
2020-04-05 73 1 3 69
2020-04-06 77 1 4 72
2020-04-07 79 1 4 74
2020-04-08 81 1 4 76
2020-04-09 84 1 5 78
2020-04-10 90 1 5 84
2020-04-11 92 1 5 86
2020-04-12 93 1 6 86
2020-04-13 93 1 6 86
2020-04-14 93 1 6 86
2020-04-15 93 3 12 78
2020-04-16 93 3 12 78
2020-04-17 94 3 20 71
2020-04-18 94 3 22 69
2020-04-19 94 3 22 69
2020-04-20 94 3 23 68
2020-04-21 94 3 26 65
2020-04-22 94 3 26 65
2020-04-23 94 4 35 55
2020-04-24 94 4 41 49
2020-04-25 94 4 42 48
2020-04-26 94 4 42 48
2020-04-27 95 4 42 49
2020-04-28 95 4 50 41
2020-04-29 95 4 58 33
2020-04-30 95 4 64 27
2020-05-01 95 4 73 18
2020-05-02 95 4 78 13
2020-05-03 95 4 78 13
2020-05-04 95 4 78 13
2020-05-05 95 4 81 10
2020-05-06 95 4 82 9
2020-05-07 95 4 82 9
2020-05-08 95 4 82 9
2020-05-09 96 4 82 10
2020-05-10 96 4 82 10
2020-05-11 96 4 85 7
2020-05-12 96 4 85 7
2020-05-13 96 4 87 5
2020-05-14 96 4 87 5
2020-05-15 96 4 87 5
2020-05-16 96 4 87 5
2020-05-17 96 4 87 5
2020-05-18 97 4 87 6
2020-05-19 97 4 87 6
2020-05-20 97 4 90 3
2020-05-21 97 4 90 3
2020-05-22 97 4 90 3
2020-05-23 98 4 90 4
2020-05-24 98 4 90 4
2020-05-25 98 4 90 4
2020-05-26 98 4 90 4
2020-05-27 98 4 90 4
2020-05-28 98 4 90 4
2020-05-29 98 4 90 4
2020-05-30 99 4 90 5
2020-05-31 99 4 90 5
2020-06-01 99 4 90 5
2020-06-02 99 4 90 5
2020-06-03 99 4 90 5
2020-06-04 99 4 92 3
2020-06-05 99 4 93 2
2020-06-06 99 4 93 2
2020-06-07 99 4 93 2
2020-06-08 99 4 93 2
2020-06-09 99 4 93 2
2020-06-10 99 4 93 2
2020-06-11 99 4 93 2
2020-06-12 99 4 93 2
2020-06-13 99 4 93 2
2020-06-14 99 4 93 2
2020-06-15 99 4 93 2
2020-06-16 99 4 94 1
2020-06-17 99 4 94 1
2020-06-18 99 4 94 1
2020-06-19 99 4 94 1
2020-06-20 99 4 94 1
2020-06-21 100 4 94 2
2020-06-22 101 4 95 2
2020-06-23 101 4 95 2
2020-06-24 102 4 95 3
2020-06-25 102 4 95 3
2020-06-26 102 4 95 3
2020-06-27 103 4 95 4
2020-06-28 103 4 95 4
2020-06-29 103 4 95 4
2020-06-30 103 4 95 4
2020-07-01 103 4 95 4
2020-07-02 106 4 95 7
2020-07-03 106 4 95 7
2020-07-04 106 4 95 7
2020-07-05 108 4 95 9
2020-07-06 108 4 95 9
2020-07-07 108 4 95 9
2020-07-08 108 4 95 9
2020-07-09 108 4 96 8
2020-07-10 108 4 96 8
2020-07-11 109 4 96 9
2020-07-12 109 4 97 8
2020-07-13 109 4 97 8
2020-07-14 109 4 97 8
2020-07-15 109 4 97 8
2020-07-16 109 4 98 7
2020-07-17 109 4 98 7
2020-07-18 109 4 98 7
2020-07-19 109 4 98 7
2020-07-20 109 4 100 5
2020-07-21 111 4 100 7
2020-07-22 112 4 100 8
2020-07-23 114 4 100 10
2020-07-24 116 4 100 12
2020-07-25 116 4 104 8
2020-07-26 116 4 104 8
2020-07-27 116 4 104 8
2020-07-28 117 4 104 9
2020-07-29 120 4 105 11
2020-07-30 120 4 105 11
2020-07-31 120 4 105 11
2020-08-01 120 4 105 11
2020-08-02 120 4 105 11
2020-08-03 121 4 105 12
2020-08-04 123 4 105 14
2020-08-05 125 4 105 16
2020-08-06 125 4 105 16
2020-08-07 128 4 105 19
2020-08-08 131 4 112 15
2020-08-09 133 4 113 16
2020-08-10 133 4 113 16
2020-08-11 138 4 113 21
2020-08-12 141 4 114 23
2020-08-13 144 4 114 26
2020-08-14 146 4 114 28
2020-08-15 146 4 114 28
2020-08-16 146 4 114 28
2020-08-17 148 4 114 30
2020-08-18 148 4 114 30
2020-08-19 148 4 114 30
2020-08-20 150 4 115 31
2020-08-21 154 4 116 34
2020-08-22 154 4 116 34
2020-08-23 154 4 116 34
2020-08-24 154 4 116 34
2020-08-25 154 4 116 34
2020-08-26 154 4 116 34
2020-08-27 154 4 116 34
2020-08-28 154 4 116 34
2020-08-29 154 4 116 34
2020-08-30 154 4 116 34
2020-08-31 154 4 116 34
2020-09-01 154 4 116 34
2020-09-02 142 1 91 50
2020-09-03 143 1 94 48
2020-09-04 147 1 97 49
2020-09-05 147 1 102 44
2020-09-06 147 1 102 44
2020-09-07 153 1 102 50
2020-09-08 156 1 107 48
2020-09-09 161 1 107 53
2020-09-10 165 1 107 57
2020-09-11 168 1 123 44
2020-09-12 169 1 123 45
2020-09-13 171 1 128 42
2020-09-14 177 1 132 44
2020-09-15 178 1 133 44
2020-09-16 181 1 137 43
2020-09-17 186 1 147 38
2020-09-18 191 1 152 38
2020-09-19 192 1 152 39
2020-09-20 193 1 153 39
2020-09-21 195 1 159 35
2020-09-22 197 1 163 33
2020-09-23 199 1 165 33
2020-09-24 205 1 166 38
2020-09-25 208 2 167 39
2020-09-26 210 2 169 39
2020-09-27 210 2 169 39
2020-09-28 212 2 174 36
2020-09-29 214 2 178 34
2020-09-30 218 2 181 35
2020-10-01 219 2 187 30
2020-10-02 221 2 188 31
2020-10-03 222 2 188 32
2020-10-04 222 2 189 31
2020-10-05 223 2 193 28
2020-10-06 224 2 198 24
2020-10-07 227 2 202 23
2020-10-08 229 2 207 20
2020-10-09 233 2 209 22
2020-10-10 233 2 209 22
2020-10-11 234 2 209 23
2020-10-12 236 2 213 21
2020-10-13 241 2 217 22
2020-10-14 248 2 217 29
2020-10-15 253 2 217 34
2020-10-16 255 2 217 36
2020-10-17 260 2 217 41
2020-10-18 265 2 217 46
2020-10-19 268 2 222 44
2020-10-20 271 2 227 42
2020-10-21 273 2 231 40
2020-10-22 281 2 233 46
2020-10-23 295 2 241 52
2020-10-24 296 2 244 50
2020-10-25 306 2 244 60
2020-10-26 310 2 250 58
2020-10-27 320 2 256 62
2020-10-28 337 2 256 79
2020-10-29 347 2 264 81
2020-10-30 355 2 273 80
2020-10-31 359 2 273 84
2020-11-01 366 2 274 90
2020-11-02 375 2 281 92
2020-11-03 397 2 293 102
2020-11-04 412 2 293 117
2020-11-05 430 2 318 110
2020-11-06 454 2 331 121
2020-11-07 483 2 331 150
2020-11-08 486 2 345 139
2020-11-09 490 2 369 119
2020-11-10 512 2 378 132
2020-11-11 524 2 390 132
2020-11-12 532 2 408 122
2020-11-13 540 2 426 112
2020-11-14 545 2 446 97
2020-11-15 548 2 450 96
2020-11-16 552 2 462 88
2020-11-17 557 3 467 87
2020-11-18 565 3 487 75
2020-11-19 573 3 497 73
2020-11-20 577 3 504 70
2020-11-21 581 3 507 71
2020-11-22 582 3 512 67
2020-11-23 583 3 518 62
2020-11-24 587 3 523 61
2020-11-25 594 3 530 61
2020-11-26 600 3 530 67
2020-11-27 603 3 532 68
2020-11-28 607 3 537 67
2020-11-29 608 3 537 68
2020-11-30 609 3 556 50
2020-12-01 617 3 559 55
2020-12-02 621 3 563 55
