Date Confirmed Deaths Recovered Active
2020-01-22 0 0 0 0
2020-01-23 0 0 0 0
2020-01-24 0 0 0 0
2020-01-25 0 0 0 0
2020-01-26 0 0 0 0
2020-01-27 0 0 0 0
2020-01-28 0 0 0 0
2020-01-29 0 0 0 0
2020-01-30 0 0 0 0
2020-01-31 0 0 0 0
2020-02-01 0 0 0 0
2020-02-02 0 0 0 0
2020-02-03 0 0 0 0
2020-02-04 0 0 0 0
2020-02-05 0 0 0 0
2020-02-06 0 0 0 0
2020-02-07 0 0 0 0
2020-02-08 0 0 0 0
2020-02-09 0 0 0 0
2020-02-10 0 0 0 0
2020-02-11 0 0 0 0
2020-02-12 0 0 0 0
2020-02-13 0 0 0 0
2020-02-14 0 0 0 0
2020-02-15 0 0 0 0
2020-02-16 0 0 0 0
2020-02-17 0 0 0 0
2020-02-18 0 0 0 0
2020-02-19 0 0 0 0
2020-02-20 0 0 0 0
2020-02-21 0 0 0 0
2020-02-22 0 0 0 0
2020-02-23 0 0 0 0
2020-02-24 0 0 0 0
2020-02-25 0 0 0 0
2020-02-26 0 0 0 0
2020-02-27 1 0 0 1
2020-02-28 1 0 0 1
2020-02-29 6 0 0 6
2020-03-01 10 0 0 10
2020-03-02 18 0 0 18
2020-03-03 24 0 0 24
2020-03-04 38 0 0 38
2020-03-05 82 0 0 82
2020-03-06 128 1 0 127
2020-03-07 188 1 0 187
2020-03-08 265 3 0 262
2020-03-09 321 3 0 318
2020-03-10 382 4 0 378
2020-03-11 503 5 0 498
2020-03-12 503 5 0 498
2020-03-13 806 10 0 796
2020-03-14 962 12 0 950
2020-03-15 1138 20 0 1118
2020-03-16 1416 24 0 1392
2020-03-17 1711 43 0 1668
2020-03-18 2058 58 0 2000
2020-03-19 2467 77 0 2390
2020-03-20 3003 107 0 2896
2020-03-21 3640 137 0 3503
2020-03-22 4217 180 0 4037
2020-03-23 4764 214 0 4550
2020-03-24 5580 277 1 5302
2020-03-25 6438 357 1 6080
2020-03-26 7468 435 3 7030
2020-03-27 8647 547 3 8097
2020-03-28 9819 640 3 9176
2020-03-29 10930 772 3 10155
2020-03-30 11817 865 3 10949
2020-03-31 12667 1040 3 11624
2020-04-01 13696 1175 10 12511
2020-04-02 14788 1341 10 13437
2020-04-03 15821 1490 10 14321
2020-04-04 16727 1656 12 15059
2020-04-05 17953 1771 7 16175
2020-04-06 18926 1874 8 17044
2020-04-07 19709 2108 22 17579
2020-04-08 20682 2255 22 18405
2020-04-09 21903 2403 28 19472
2020-04-10 23249 2520 37 20692
2020-04-11 24571 2653 41 21877
2020-04-12 25746 2747 45 22954
2020-04-13 26710 2833 45 23832
2020-04-14 27580 2955 47 24578
2020-04-15 28316 3145 54 25117
2020-04-16 29383 3327 61 25995
2020-04-17 30619 3471 65 27083
2020-04-18 31766 3613 67 28086
2020-04-19 32838 3697 72 29069
2020-04-20 33588 3764 72 29752
2020-04-21 34317 3929 74 30314
2020-04-22 35032 4068 101 30863
2020-04-23 35921 4192 101 31628
2020-04-24 36729 4304 102 32323
2020-04-25 37384 4424 102 32858
2020-04-26 38040 4491 117 33432
2020-04-27 38440 4534 117 33789
2020-04-28 38612 4582 117 33913
2020-04-29 38998 4727 119 34152
2020-04-30 39512 4811 125 34576
2020-05-01 39989 4909 138 34942
2020-05-02 40434 5003 138 35293
2020-05-03 40769 5072 138 35559
2020-05-04 40968 5098 138 35732
2020-05-05 41286 5185 139 35962
2020-05-06 41518 5221 146 36151
2020-05-07 41973 5306 147 36520
2020-05-08 42292 5377 147 36768
2020-05-09 42581 5441 149 36991
2020-05-10 42826 5459 149 37218
2020-05-11 42987 5475 149 37363
2020-05-12 43183 5529 149 37505
2020-05-13 43410 5581 157 37672
2020-05-14 43680 5609 159 37912
2020-05-15 43880 5662 159 38059
2020-05-16 44070 5689 167 38214
2020-05-17 44195 5699 167 38329
2020-05-18 44341 5713 167 38461
2020-05-19 44449 5734 167 38548
2020-05-20 44647 5767 169 38711
2020-05-21 44900 5794 169 38937
2020-05-22 45088 5807 174 39107
2020-05-23 45265 5830 174 39261
2020-05-24 45437 5841 174 39422
2020-05-25 45647 5849 174 39624
2020-05-26 45780 5875 174 39731
2020-05-27 45970 5890 177 39903
2020-05-28 46152 5922 178 40052
2020-05-29 46328 5950 178 40200
2020-05-30 46460 5970 178 40312
2020-05-31 46645 5975 178 40492
2020-06-01 46749 5981 179 40589
2020-06-02 46852 5986 180 40686
2020-06-03 46939 5996 180 40763
2020-06-04 47148 6009 180 40959
2020-06-05 47358 6024 181 41153
2020-06-06 47541 6030 181 41330
2020-06-07 47780 6032 181 41567
2020-06-08 47945 6035 181 41729
2020-06-09 48109 6050 181 41878
2020-06-10 48294 6061 181 42052
2020-06-11 48458 6063 181 42214
2020-06-12 48668 6072 181 42415
2020-06-13 48847 6076 181 42590
2020-06-14 48990 6078 181 42731
2020-06-15 49155 6084 186 42885
2020-06-16 49295 6089 186 43020
2020-06-17 49412 6093 186 43133
2020-06-18 49527 6097 186 43244
2020-06-19 49634 6100 186 43348
2020-06-20 49710 6108 186 43416
2020-06-21 49801 6109 186 43506
2020-06-22 49866 6109 186 43571
2020-06-23 49930 6114 186 43630
2020-06-24 50012 6116 186 43710
2020-06-25 50122 6119 186 43817
2020-06-26 50213 6122 186 43905
2020-06-27 50282 6124 186 43972
2020-06-28 50355 6124 186 44045
2020-06-29 50433 6126 186 44121
2020-06-30 50483 6132 186 44165
2020-07-01 50545 6134 186 44225
2020-07-02 50623 6137 186 44300
2020-07-03 50698 6139 186 44373
2020-07-04 50761 6145 187 44429
2020-07-05 50834 6146 187 44501
2020-07-06 50870 6147 187 44536
2020-07-07 50907 6151 187 44569
2020-07-08 50959 6157 187 44615
2020-07-09 51013 6156 192 44665
2020-07-10 51055 6155 192 44708
2020-07-11 51136 6156 193 44787
2020-07-12 51237 6156 193 44888
2020-07-13 51308 6156 292 44860
2020-07-14 51362 6154 292 44916
2020-07-15 51471 6155 193 45123
2020-07-16 51572 6156 194 45222
2020-07-17 51682 6157 194 45331
2020-07-18 51809 6155 194 45460
2020-07-19 51955 6155 194 45606
2020-07-20 52142 6155 194 45793
2020-07-21 52307 6155 194 45958
2020-07-22 52475 6158 194 46123
2020-07-23 52640 6158 195 46287
2020-07-24 52837 6158 195 46484
2020-07-25 52984 6159 196 46629
2020-07-26 53278 6178 196 46904
2020-07-27 53424 6160 196 47068
2020-07-28 53647 6164 196 47287
2020-07-29 53895 6166 196 47533
2020-07-30 54249 6166 200 47883
2020-07-31 54590 6166 200 48224
2020-08-01 55021 6167 200 48654
2020-08-02 55408 6169 206 49033
2020-08-03 55786 6169 207 49410
2020-08-04 56279 6170 207 49902
2020-08-05 56750 6173 207 50370
2020-08-06 57465 6173 235 51057
2020-08-07 58117 6174 237 51706
2020-08-08 58717 6178 237 52302
2020-08-09 59360 6178 237 52945
2020-08-10 60058 6178 237 53643
2020-08-11 119815 12303 243 107269
2020-08-12 61718 6182 253 55283
2020-08-13 62406 6187 253 55966
2020-08-14 63127 6189 253 56685
2020-08-15 63889 6191 338 57360
2020-08-16 64468 6194 345 57929
2020-08-17 64980 6194 357 58429
2020-08-18 65560 6197 422 58941
2020-08-19 66218 6204 448 59566
2020-08-20 66843 6215 461 60167
2020-08-21 67456 6219 600 60637
2020-08-22 68051 6225 633 61193
2020-08-23 68570 6225 642 61703
2020-08-24 69224 6227 649 62348
2020-08-25 69683 6233 753 62697
2020-08-26 70382 6241 807 63334
2020-08-27 70984 6244 829 63911
2020-08-28 71557 6247 964 64346
2020-08-29 72128 6252 986 64890
2020-08-30 72679 6252 986 65441
2020-08-31 73232 6252 1010 65970
2020-09-01 73802 6260 1140 66402
2020-09-02 74660 6267 1282 67111
2020-09-03 75356 6268 1379 67709
2020-09-04 76173 6270 1467 68436
2020-09-05 76907 6275 1554 69078
2020-09-06 77857 6277 1560 70020
2020-09-07 78702 6278 1617 70807
2020-09-08 79792 6279 1669 71844
2020-09-09 81085 6281 1742 73062
2020-09-10 82016 6285 1802 73929
2020-09-11 83370 6290 1900 75180
2020-09-12 84709 6291 2035 76383
2020-09-13 85876 6292 2036 77548
2020-09-14 87194 6296 2061 78837
2020-09-15 88673 6300 2146 80227
2020-09-16 90425 6303 2238 81884
2020-09-17 92262 6310 2310 83642
2020-09-18 94345 6318 2716 85311
2020-09-19 96261 6320 2721 87220
2020-09-20 98217 6324 2840 89053
2020-09-21 100491 6327 2993 91171
2020-09-22 102844 6338 3059 93447
2020-09-23 105304 6344 3143 95817
2020-09-24 107899 6361 3317 98221
2020-09-25 110758 6377 3430 100951
2020-09-26 113518 6415 3516 103587
2020-09-27 116559 6423 3642 106494
2020-09-28 119509 6429 3755 109325
2020-09-29 122620 6443 3919 112258
2020-09-30 125988 6457 4019 115512
2020-10-01 129283 6470 4111 118702
2020-10-02 133166 6482 4207 122477
2020-10-03 137194 6503 4305 126386
2020-10-04 141226 6508 4381 130337
2020-10-05 145837 6509 4492 134836
2020-10-06 150413 6538 4564 139311
2020-10-07 155465 6574 4607 144284
2020-10-08 161332 6587 4686 150059
2020-10-09 167348 6601 4709 156038
2020-10-10 173894 6624 4761 162509
2020-10-11 180288 6642 4783 168863
2020-10-12 187138 6654 4832 175652
2020-10-13 194591 6689 4915 182987
2020-10-14 201942 6720 5010 190212
2020-10-15 209799 6749 5049 198001
2020-10-16 217821 6765 5108 205948
2020-10-17 225970 6797 5184 213989
2020-10-18 234203 6811 5206 222186
2020-10-19 242217 6828 5294 230095
2020-10-20 250411 6874 5327 238210
2020-10-21 259207 6934 5365 246908
2020-10-22 268517 6981 5431 256105
2020-10-23 278546 7026 5517 266003
2020-10-24 287229 7081 5567 274581
2020-10-25 297466 7108 5619 284739
2020-10-26 307831 7134 5648 295049
2020-10-27 318152 7204 5699 305249
2020-10-28 326308 7265 5738 313305
2020-10-29 336629 7321 5804 323504
2020-10-30 347801 7408 5844 334549
2020-10-31 357640 7459 5882 344299
2020-11-01 366351 7498 5908 352945
2020-11-02 374663 7527 5934 361202
2020-11-03 382440 7640 5975 368825
2020-11-04 390120 7748 6007 376365
2020-11-05 397112 7836 6045 383231
2020-11-06 404392 7954 6075 390363
2020-11-07 411107 8028 6123 396956
2020-11-08 416806 8072 6137 402597
2020-11-09 421503 8112 6157 407234
2020-11-10 426227 8211 6185 411831
2020-11-11 431696 8286 6246 417164
2020-11-12 437376 8375 6372 422629
2020-11-13 443533 8430 6410 428693
2020-11-14 449501 8516 6430 434555
2020-11-15 454961 8559 6448 439954
2020-11-16 459837 8603 6488 444746
2020-11-17 464205 8689 6511 449005
2020-11-18 468900 8772 6536 453592
2020-11-19 474641 8846 6566 459229
2020-11-20 480649 8898 6592 465159
2020-11-21 486820 8946 6618 471256
2020-11-22 492293 8967 6642 476684
2020-11-23 497501 9021 6693 481787
2020-11-24 501503 9111 6722 485670
2020-11-25 506557 9185 6763 490609
2020-11-26 511162 9260 6801 495101
2020-11-27 517045 9343 6853 500849
2020-11-28 521639 9403 6889 505347
2020-11-29 527336 9426 6921 510989
2020-11-30 531930 9453 6947 515530
2020-12-01 536129 9518 7017 519594
2020-12-02 541238 9584 7066 524588
