Date Confirmed Deaths Recovered Active
2020-01-22 0 0 0 0
2020-01-23 0 0 0 0
2020-01-24 0 0 0 0
2020-01-25 0 0 0 0
2020-01-26 0 0 0 0
2020-01-27 0 0 0 0
2020-01-28 0 0 0 0
2020-01-29 0 0 0 0
2020-01-30 0 0 0 0
2020-01-31 2 0 0 2
2020-02-01 2 0 0 2
2020-02-02 2 0 0 2
2020-02-03 2 0 0 2
2020-02-04 2 0 0 2
2020-02-05 2 0 0 2
2020-02-06 2 0 0 2
2020-02-07 2 0 0 2
2020-02-08 2 0 0 2
2020-02-09 2 0 0 2
2020-02-10 2 0 0 2
2020-02-11 2 0 0 2
2020-02-12 2 0 2 0
2020-02-13 2 0 2 0
2020-02-14 2 0 2 0
2020-02-15 2 0 2 0
2020-02-16 2 0 2 0
2020-02-17 2 0 2 0
2020-02-18 2 0 2 0
2020-02-19 2 0 2 0
2020-02-20 2 0 2 0
2020-02-21 2 0 2 0
2020-02-22 2 0 2 0
2020-02-23 2 0 2 0
2020-02-24 2 0 2 0
2020-02-25 2 0 2 0
2020-02-26 2 0 2 0
2020-02-27 2 0 2 0
2020-02-28 2 0 2 0
2020-02-29 2 0 2 0
2020-03-01 2 0 2 0
2020-03-02 3 0 2 1
2020-03-03 3 0 2 1
2020-03-04 3 0 2 1
2020-03-05 4 0 2 2
2020-03-06 13 0 2 11
2020-03-07 13 0 2 11
2020-03-08 17 0 3 14
2020-03-09 17 0 3 14
2020-03-10 20 0 3 17
2020-03-11 20 0 3 17
2020-03-12 28 0 3 25
2020-03-13 45 0 3 42
2020-03-14 59 0 8 51
2020-03-15 63 0 8 55
2020-03-16 90 0 8 82
2020-03-17 114 0 8 106
2020-03-18 147 0 8 139
2020-03-19 199 1 9 189
2020-03-20 253 1 9 243
2020-03-21 306 1 12 293
2020-03-22 367 1 16 350
2020-03-23 438 1 16 421
2020-03-24 495 1 22 472
2020-03-25 658 3 29 626
2020-03-26 840 3 38 799
2020-03-27 1036 4 45 987
2020-03-28 1264 4 49 1211
2020-03-29 1534 8 64 1462
2020-03-30 1836 9 66 1761
2020-03-31 2337 17 121 2199
2020-04-01 2777 24 190 2563
2020-04-02 3548 30 235 3283
2020-04-03 4149 34 281 3834
2020-04-04 4731 43 333 4355
2020-04-05 5389 45 355 4989
2020-04-06 6343 47 406 5890
2020-04-07 7497 58 494 6945
2020-04-08 8672 63 580 8029
2020-04-09 10131 76 698 9357
2020-04-10 11917 94 795 11028
2020-04-11 13584 106 1045 12433
2020-04-12 15770 130 1291 14349
2020-04-13 18328 148 1470 16710
2020-04-14 21102 170 1694 19238
2020-04-15 24490 198 1986 22306
2020-04-16 27938 232 2304 25402
2020-04-17 32008 273 2590 29145
2020-04-18 36793 313 3057 33423
2020-04-19 42853 361 3291 39201
2020-04-20 47121 405 3446 43270
2020-04-21 52763 456 3873 48434
2020-04-22 57999 513 4420 53066
2020-04-23 62773 555 4891 57327
2020-04-24 68622 615 5568 62439
2020-04-25 74588 681 6250 67657
2020-04-26 80949 747 6767 73435
2020-04-27 87147 794 7346 79007
2020-04-28 93558 867 8456 84235
2020-04-29 99399 972 10286 88141
2020-04-30 106498 1073 11619 93806
2020-05-01 114431 1169 13220 100042
2020-05-02 124054 1222 15013 107819
2020-05-03 134687 1280 16639 116768
2020-05-04 145268 1356 18095 125817
2020-05-05 155370 1451 19865 134054
2020-05-06 165929 1537 21327 143065
2020-05-07 177160 1625 23803 151732
2020-05-08 187859 1723 26608 159528
2020-05-09 198676 1827 31916 164933
2020-05-10 209688 1915 34306 173467
2020-05-11 221344 2009 39801 179534
2020-05-12 232243 2116 43512 186615
2020-05-13 242271 2212 48003 192056
2020-05-14 252245 2305 53530 196410
2020-05-15 262843 2418 58226 202199
2020-05-16 272043 2537 63166 206340
2020-05-17 281752 2631 67373 211748
2020-05-18 290678 2722 70209 217747
2020-05-19 299941 2837 76130 220974
2020-05-20 308705 2972 85392 220341
2020-05-21 317554 3099 92681 221774
2020-05-22 326448 3249 99825 223374
2020-05-23 335882 3388 107936 224558
2020-05-24 344481 3541 113299 227641
2020-05-25 353427 3633 118798 230996
2020-05-26 362342 3807 131129 227406
2020-05-27 370680 3968 142208 224504
2020-05-28 379051 4142 150993 223916
2020-05-29 387623 4374 159257 223992
2020-05-30 396575 4555 167469 224551
2020-05-31 405843 4693 171883 229267
2020-06-01 414328 4849 175514 233965
2020-06-02 423186 5031 186602 231553
2020-06-03 431715 5208 195559 230948
2020-06-04 440538 5376 204197 230965
2020-06-05 449256 5520 212237 231499
2020-06-06 458102 5717 220935 231450
2020-06-07 467073 5851 226272 234950
2020-06-08 476043 5963 230226 239854
2020-06-09 484630 6134 241917 236579
2020-06-10 493023 6350 252295 234378
2020-06-11 501800 6522 260649 234629
2020-06-12 510761 6705 268862 235194
2020-06-13 519458 6819 274128 238511
2020-06-14 528267 6938 279536 241793
2020-06-15 536484 7081 284021 245382
2020-06-16 544725 7274 293780 243671
2020-06-17 552549 7468 303800 241281
2020-06-18 560321 7650 313409 239262
2020-06-19 568292 7831 323851 236610
2020-06-20 576162 7992 334024 234146
2020-06-21 583879 8101 339142 236636
2020-06-22 591465 8196 343847 239422
2020-06-23 598878 8349 355847 234682
2020-06-24 606043 8503 368222 229318
2020-06-25 613148 8594 374557 229997
2020-06-26 619936 8770 383524 227642
2020-06-27 626779 8958 392703 225118
2020-06-28 633563 9060 398436 226067
2020-06-29 640246 9152 402778 228316
2020-06-30 646929 9306 411973 225650
2020-07-01 653479 9521 422235 221723
2020-07-02 660231 9668 428276 222287
2020-07-03 666941 9844 437155 219942
2020-07-04 673564 10011 446127 217426
2020-07-05 680283 10145 449995 220143
2020-07-06 686852 10280 453570 223002
2020-07-07 693215 10478 463103 219634
2020-07-08 699749 10650 471718 217381
2020-07-09 706240 10826 480494 214920
2020-07-10 712863 11000 488234 213629
2020-07-11 719449 11188 496594 211667
2020-07-12 726036 11318 500208 214510
2020-07-13 732547 11422 503168 217957
2020-07-14 738787 11597 511958 215232
2020-07-15 745197 11753 522375 211069
2020-07-16 751612 11920 530801 208891
2020-07-17 758001 12106 538467 207428
2020-07-18 764215 12228 545909 206078
2020-07-19 770311 12323 549387 208601
2020-07-20 776212 12408 552644 211160
2020-07-21 782040 12561 561397 208082
2020-07-22 787890 12726 571049 204115
2020-07-23 793720 12873 579295 201552
2020-07-24 799499 13026 587728 198745
2020-07-25 805332 13172 596064 196096
2020-07-26 811073 13249 599172 198652
2020-07-27 816680 13334 602249 201097
2020-07-28 822060 13483 611109 197468
2020-07-29 827509 13650 619204 194655
2020-07-30 832993 13778 628482 190733
2020-07-31 838461 13939 637217 187305
2020-08-01 843890 14034 645316 184540
2020-08-02 849277 14104 648961 186212
2020-08-03 854641 14183 652372 188086
2020-08-04 859762 14327 660235 185200
2020-08-05 864948 14465 667769 182714
2020-08-06 870187 14579 675069 180539
2020-08-07 875378 14698 682278 178402
2020-08-08 880563 14827 688856 176880
2020-08-09 885718 14903 692059 178756
2020-08-10 890799 14973 695317 180509
2020-08-11 895691 15103 701796 178792
2020-08-12 900745 15231 708900 176614
2020-08-13 905762 15353 714934 175475
2020-08-14 910778 15467 721473 173838
2020-08-15 915808 15585 727895 172328
2020-08-16 920719 15653 731444 173622
2020-08-17 925558 15707 734573 175278
2020-08-18 930276 15836 741045 173395
2020-08-19 935066 15951 747802 171313
2020-08-20 939833 16058 753868 169907
2020-08-21 944671 16148 759639 168884
2020-08-22 949531 16268 765754 167509
2020-08-23 954328 16341 768906 169081
2020-08-24 959016 16406 771357 171253
2020-08-25 963655 16524 777960 169171
2020-08-26 968297 16638 784277 167382
2020-08-27 972972 16758 790629 165585
2020-08-28 977730 16866 796498 164366
2020-08-29 982573 16977 802365 163231
2020-08-30 987470 17045 804941 165484
2020-08-31 992402 17128 807339 167935
2020-09-01 997072 17250 813603 166219
2020-09-02 1001965 17365 819043 165557
2020-09-03 1006923 17479 824783 164661
2020-09-04 1011987 17598 830532 163857
2020-09-05 1017131 17707 835884 163540
2020-09-06 1022228 17768 838680 165780
2020-09-07 1027334 17818 840997 168519
2020-09-08 1032354 17939 847746 166669
2020-09-09 1037526 18080 854069 165377
2020-09-10 1042836 18207 859961 164668
2020-09-11 1048257 18309 865646 164302
2020-09-12 1053663 18426 871000 164237
2020-09-13 1059024 18517 873684 166823
2020-09-14 1064438 18573 876152 169713
2020-09-15 1069873 18723 881693 169457
2020-09-16 1075485 18853 887457 169175
2020-09-17 1081152 18996 893145 169011
2020-09-18 1086955 19128 898420 169407
2020-09-19 1092915 19270 903545 170100
2020-09-20 1098958 19349 906431 173178
2020-09-21 1105048 19420 909026 176602
2020-09-22 1111157 19575 914923 176659
2020-09-23 1117487 19720 920602 177165
2020-09-24 1123976 19867 926663 177446
2020-09-25 1131088 19973 930955 180160
2020-09-26 1138509 20140 936881 181488
2020-09-27 1146273 20239 939921 186113
2020-09-28 1154299 20299 942619 191381
2020-09-29 1162428 20456 948985 192987
2020-09-30 1170799 20630 954788 195381
2020-10-01 1179634 20796 960729 198109
2020-10-02 1188928 20981 966724 201223
2020-10-03 1198663 21153 972249 205261
2020-10-04 1209039 21260 975488 212291
2020-10-05 1219796 21375 978610 219811
2020-10-06 1231277 21559 984767 224951
2020-10-07 1242258 21755 991277 229226
2020-10-08 1253603 21939 998197 233467
2020-10-09 1265572 22137 1005199 238236
2020-10-10 1278245 22331 1011911 244003
2020-10-11 1291687 22471 1016120 253096
2020-10-12 1305093 22594 1019905 262594
2020-10-13 1318783 22834 1027348 268601
2020-10-14 1332824 23069 1035141 274614
2020-10-15 1346380 23350 1043431 279599
2020-10-16 1361317 23580 1051780 285957
2020-10-17 1376020 23857 1060279 291884
2020-10-18 1390824 24039 1065608 301177
2020-10-19 1406667 24205 1070920 311542
2020-10-20 1422775 24473 1080461 317841
2020-10-21 1438219 24786 1091264 322169
2020-10-22 1453923 25072 1102564 326287
2020-10-23 1471000 25353 1113736 331911
2020-10-24 1487260 25647 1125155 336458
2020-10-25 1503652 25875 1132790 344987
2020-10-26 1520800 26092 1140333 354375
2020-10-27 1537142 26409 1152848 357885
2020-10-28 1553028 26752 1164915 361361
2020-10-29 1570446 27111 1179465 363870
2020-10-30 1588433 27462 1193867 367104
2020-10-31 1606267 27787 1208440 370040
2020-11-01 1624648 28026 1218619 378003
2020-11-02 1642665 28264 1228921 385480
2020-11-03 1661096 28611 1244012 388473
2020-11-04 1680579 28996 1259194 392389
2020-11-05 1699695 29285 1271349 399061
2020-11-06 1720063 29654 1288096 402313
2020-11-07 1740172 30010 1304607 405555
2020-11-08 1760420 30292 1315928 414200
2020-11-09 1781997 30546 1326568 424883
2020-11-10 1802762 30899 1341868 429995
2020-11-11 1822345 31326 1360049 430970
2020-11-12 1843678 31755 1378463 433460
2020-11-13 1865395 32156 1396851 436388
2020-11-14 1887836 32536 1415213 440087
2020-11-15 1910149 32885 1429565 447699
2020-11-16 1932711 33184 1443393 456134
2020-11-17 1954912 33619 1465051 456242
2020-11-18 1975629 34068 1489893 451668
2020-11-19 1998966 34525 1514945 449496
2020-11-20 2023025 34980 1539352 448693
2020-11-21 2047563 35442 1564897 447224
2020-11-22 2071858 35838 1582768 453252
2020-11-23 2096749 36192 1598723 461834
