Date Confirmed Deaths Recovered Active
2020-01-22 0 0 0 0
2020-01-23 0 0 0 0
2020-01-24 0 0 0 0
2020-01-25 0 0 0 0
2020-01-26 0 0 0 0
2020-01-27 0 0 0 0
2020-01-28 0 0 0 0
2020-01-29 0 0 0 0
2020-01-30 0 0 0 0
2020-01-31 0 0 0 0
2020-02-01 1 0 0 1
2020-02-02 1 0 0 1
2020-02-03 1 0 0 1
2020-02-04 1 0 0 1
2020-02-05 1 0 0 1
2020-02-06 1 0 0 1
2020-02-07 1 0 0 1
2020-02-08 1 0 0 1
2020-02-09 2 0 0 2
2020-02-10 2 0 0 2
2020-02-11 2 0 0 2
2020-02-12 2 0 0 2
2020-02-13 2 0 0 2
2020-02-14 2 0 0 2
2020-02-15 2 0 2 0
2020-02-16 2 0 2 0
2020-02-17 2 0 2 0
2020-02-18 2 0 2 0
2020-02-19 2 0 2 0
2020-02-20 2 0 2 0
2020-02-21 2 0 2 0
2020-02-22 2 0 2 0
2020-02-23 2 0 2 0
2020-02-24 2 0 2 0
2020-02-25 6 0 2 4
2020-02-26 13 0 2 11
2020-02-27 15 0 2 13
2020-02-28 32 0 2 30
2020-02-29 45 0 2 43
2020-03-01 84 0 2 82
2020-03-02 120 0 2 118
2020-03-03 165 1 2 162
2020-03-04 222 2 2 218
2020-03-05 259 3 2 254
2020-03-06 400 5 2 393
2020-03-07 500 10 30 460
2020-03-08 673 17 30 626
2020-03-09 1073 28 32 1013
2020-03-10 1695 35 32 1628
2020-03-11 2277 54 183 2040
2020-03-12 2277 55 183 2039
2020-03-13 5232 133 193 4906
2020-03-14 6391 195 517 5679
2020-03-15 7798 289 517 6992
2020-03-16 9942 342 530 9070
2020-03-17 11748 533 1028 10187
2020-03-18 13910 623 1081 12206
2020-03-19 17963 830 1107 16026
2020-03-20 20410 1043 1588 17779
2020-03-21 25374 1375 2125 21874
2020-03-22 28768 1772 2575 24421
2020-03-23 35136 2311 2575 30250
2020-03-24 39885 2808 3794 33283
2020-03-25 49515 3647 5367 40501
2020-03-26 57786 4365 7015 46406
2020-03-27 65719 5138 9357 51224
2020-03-28 73235 5982 12285 54968
2020-03-29 80110 6803 14709 58598
2020-03-30 87956 7716 16780 63460
2020-03-31 95923 8464 19259 68200
2020-04-01 104118 9387 22647 72084
2020-04-02 112065 10348 26743 74974
2020-04-03 119199 11198 30513 77488
2020-04-04 126168 11947 34219 80002
2020-04-05 131646 12641 38080 80925
2020-04-06 136675 13341 40437 82897
2020-04-07 141942 14045 43208 84689
2020-04-08 148220 14792 48021 85407
2020-04-09 153222 15447 52165 85610
2020-04-10 158273 16081 55668 86524
2020-04-11 163027 16606 59109 87312
2020-04-12 166831 17209 62391 87231
2020-04-13 170099 17756 64727 87616
2020-04-14 172541 18056 67504 86981
2020-04-15 177644 18708 70853 88083
2020-04-16 184948 19315 74797 90836
2020-04-17 190839 20002 74797 96040
2020-04-18 191726 20043 74797 96886
2020-04-19 198674 20453 77357 100864
2020-04-20 200210 20852 80587 98771
2020-04-21 204178 21282 82514 100382
2020-04-22 208389 21717 85915 100757
2020-04-23 213024 22157 89250 101617
2020-04-24 202990 22524 92355 88111
2020-04-25 205905 22902 95708 87295
2020-04-26 207634 23190 98372 86072
2020-04-27 209465 23521 100875 85069
2020-04-28 210773 23822 102548 84403
2020-04-29 212917 24275 108947 79695
2020-04-30 213435 24543 112050 76842
2020-05-01 215216 24543 112050 78623
2020-05-02 216582 25100 117248 74234
2020-05-03 217466 25264 118902 73300
2020-05-04 218011 25428 121343 71240
2020-05-05 219329 25613 123486 70230
2020-05-06 220325 25857 126002 68466
2020-05-07 221447 26070 128511 66866
2020-05-08 222857 26299 131148 65410
2020-05-09 223578 26478 133952 63148
2020-05-10 224350 26621 136166 61563
2020-05-11 227436 26744 137139 63553
2020-05-12 228030 26920 138980 62130
2020-05-13 228691 27104 140823 60764
2020-05-14 229540 27321 143374 58845
2020-05-15 230183 27459 144783 57941
2020-05-16 230698 27563 146446 56689
2020-05-17 230698 27563 146446 56689
2020-05-18 231606 27709 150376 53521
2020-05-19 232037 27778 150376 53883
2020-05-20 232555 27888 150376 54291
2020-05-21 233037 27940 150376 54721
2020-05-22 234824 28628 150376 55820
2020-05-23 235290 28678 150376 56236
2020-05-24 235772 28752 150376 56644
2020-05-25 235400 26834 150376 58190
2020-05-26 236259 27117 150376 58766
2020-05-27 236259 27117 150376 58766
2020-05-28 237906 27119 150376 60411
2020-05-29 238564 27121 150376 61067
2020-05-30 239228 27125 150376 61727
2020-05-31 239479 27127 150376 61976
2020-06-01 239638 27127 150376 62135
2020-06-02 239932 27127 150376 62429
2020-06-03 240326 27128 150376 62822
2020-06-04 240660 27133 150376 63151
2020-06-05 240978 27134 150376 63468
2020-06-06 241310 27135 150376 63799
2020-06-07 241550 27136 150376 64038
2020-06-08 241717 27136 150376 64205
2020-06-09 241966 27136 150376 64454
2020-06-10 242280 27136 150376 64768
2020-06-11 242707 27136 150376 65195
2020-06-12 243209 27136 150376 65697
2020-06-13 243605 27136 150376 66093
2020-06-14 243928 27136 150376 66416
2020-06-15 244109 27136 150376 66597
2020-06-16 244328 27136 150376 66816
2020-06-17 244683 27136 150376 67171
2020-06-18 245268 27136 150376 67756
2020-06-19 245575 28315 150376 66884
2020-06-20 245938 28322 150376 67240
2020-06-21 246272 28323 150376 67573
2020-06-22 246504 28324 150376 67804
2020-06-23 246752 28325 150376 68051
2020-06-24 247086 28327 150376 68383
2020-06-25 247486 28330 150376 68780
2020-06-26 247905 28338 150376 69191
2020-06-27 248469 28341 150376 69752
2020-06-28 248770 28343 150376 70051
2020-06-29 248970 28346 150376 70248
2020-06-30 249271 28355 150376 70540
2020-07-01 249659 28364 150376 70919
2020-07-02 250103 28368 150376 71359
2020-07-03 250545 28385 150376 71784
2020-07-04 250545 28385 150376 71784
2020-07-05 250545 28385 150376 71784
2020-07-06 251789 28388 150376 73025
2020-07-07 252130 28392 150376 73362
2020-07-08 252513 28396 150376 73741
2020-07-09 253056 28401 150376 74279
2020-07-10 253908 28403 150376 75129
2020-07-11 253908 28403 150376 75129
2020-07-12 253908 28403 150376 75129
2020-07-13 255953 28406 150376 77171
2020-07-14 256619 28409 150376 77834
2020-07-15 257494 28413 150376 78705
2020-07-16 258855 28416 150376 80063
2020-07-17 260255 28420 150376 81459
2020-07-18 260255 28420 150376 81459
2020-07-19 260255 28420 150376 81459
2020-07-20 264836 28422 150376 86038
2020-07-21 266194 28424 150376 87394
2020-07-22 267551 28426 150376 88749
2020-07-23 270166 28429 150376 91361
2020-07-24 272421 28432 150376 93613
2020-07-25 272421 28432 150376 93613
2020-07-26 272421 28432 150376 93613
2020-07-27 278782 28434 150376 99972
2020-07-28 280610 28436 150376 101798
2020-07-29 282641 28441 150376 103824
2020-07-30 285430 28443 150376 106611
2020-07-31 288522 28445 150376 109701
2020-08-01 288522 28445 150376 109701
2020-08-02 288522 28445 150376 109701
2020-08-03 297054 28472 150376 118206
2020-08-04 302814 28498 150376 123940
2020-08-05 305767 28499 150376 126892
2020-08-06 309855 28500 150376 130979
2020-08-07 314362 28503 150376 135483
2020-08-08 314362 28503 150376 135483
2020-08-09 314362 28503 150376 135483
2020-08-10 322980 28576 150376 144028
2020-08-11 326612 28581 150376 147655
2020-08-12 329784 28579 150376 150829
2020-08-13 337334 28605 150376 158353
2020-08-14 342813 28617 150376 163820
2020-08-15 342813 28617 150376 163820
2020-08-16 342813 28617 150376 163820
2020-08-17 359082 28646 150376 180060
2020-08-18 364196 28670 150376 185150
2020-08-19 370867 28797 150376 191694
2020-08-20 377906 28813 150376 198717
2020-08-21 386054 28838 150376 206840
2020-08-22 386054 28838 150376 206840
2020-08-23 386054 28838 150376 206840
2020-08-24 405436 28872 150376 226188
2020-08-25 412553 28924 150376 233253
2020-08-26 419849 28971 150376 240502
2020-08-27 429507 28996 150376 250135
2020-08-28 439286 29011 150376 259899
2020-08-29 439286 29011 150376 259899
2020-08-30 439286 29011 150376 259899
2020-08-31 462858 29094 150376 283388
2020-09-01 470973 29152 150376 291445
2020-09-02 479554 29194 150376 299984
2020-09-03 488513 29234 150376 308903
2020-09-04 498989 29418 150376 319195
2020-09-05 498989 29418 150376 319195
2020-09-06 498989 29418 150376 319195
2020-09-07 525549 29516 150376 345657
2020-09-08 534513 29594 150376 354543
2020-09-09 543379 29628 150376 363375
2020-09-10 554143 29699 150376 374068
2020-09-11 566326 29747 150376 386203
2020-09-12 566326 29747 150376 386203
2020-09-13 566326 29747 150376 386203
2020-09-14 593730 29848 150376 413506
2020-09-15 603167 30004 150376 422787
2020-09-16 614360 30243 150376 433741
2020-09-17 625651 30405 150376 444870
2020-09-18 640040 30495 150376 459169
2020-09-19 640040 30495 150376 459169
2020-09-20 640040 30495 150376 459169
2020-09-21 671468 30663 150376 490429
2020-09-22 682267 30904 150376 500987
2020-09-23 693556 31034 150376 512146
2020-09-24 704209 31118 150376 522715
2020-09-25 716481 31232 150376 534873
2020-09-26 716481 31232 150376 534873
2020-09-27 716481 31232 150376 534873
2020-09-28 748266 31411 150376 566479
2020-09-29 748266 31411 150376 566479
2020-09-30 769188 31791 150376 587021
2020-10-01 778607 31973 150376 596258
2020-10-02 789932 32086 150376 607470
2020-10-03 789932 32086 150376 607470
2020-10-04 789932 32086 150376 607470
2020-10-05 813412 32225 150376 630811
2020-10-06 825410 32486 150376 642548
2020-10-07 835901 32562 150376 652963
2020-10-08 848324 32688 150376 665260
2020-10-09 861112 32929 150376 677807
2020-10-10 861112 32929 150376 677807
2020-10-11 861112 32929 150376 677807
2020-10-12 888968 33124 150376 705468
2020-10-13 896086 33204 150376 712506
2020-10-14 908056 33413 150376 724267
2020-10-15 921374 33553 150376 737445
2020-10-16 936560 33775 150376 752409
2020-10-17 936560 33775 150376 752409
2020-10-18 936560 33775 150376 752409
2020-10-19 974449 33992 150376 790081
2020-10-20 988322 34210 150376 803736
2020-10-21 1005295 34366 150376 820553
2020-10-22 1026281 34521 150376 841384
2020-10-23 1046132 34752 150376 861004
2020-10-24 1046132 34752 150376 861004
2020-10-25 1046132 34752 150376 861004
2020-10-26 1098320 35031 150376 912913
2020-10-27 1116738 35298 150376 931064
2020-10-28 1136503 35466 150376 950661
2020-10-29 1160083 35639 150376 974068
2020-10-30 1185678 35878 150376 999424
2020-10-31 1185678 35878 150376 999424
2020-11-01 1185678 35878 150376 999424
2020-11-02 1240697 36257 150376 1054064
2020-11-03 1259366 36495 150376 1072495
2020-11-04 1284408 38118 150376 1095914
2020-11-05 1306316 38486 150376 1117454
2020-11-06 1328832 38833 150376 1139623
2020-11-07 1328832 38833 150376 1139623
2020-11-08 1328832 38833 150376 1139623
2020-11-09 1381218 39345 150376 1191497
2020-11-10 1381218 39345 150376 1191497
2020-11-11 1417709 40105 150376 1227228
2020-11-12 1437220 40461 150376 1246383
2020-11-13 1458591 40769 150376 1267446
2020-11-14 1458591 40769 150376 1267446
2020-11-15 1458591 40769 150376 1267446
2020-11-16 1496864 41253 150376 1305235
2020-11-17 1510023 41688 150376 1317959
2020-11-18 1525341 42039 150376 1332926
2020-11-19 1541574 42291 150376 1348907
2020-11-20 1556730 42619 150376 1363735
2020-11-21 1556730 42619 150376 1363735
2020-11-22 1556730 42619 150376 1363735
2020-11-23 1582616 43131 150376 1389109
