Date Confirmed Deaths Recovered Active
2020-01-22 0 0 0 0
2020-01-23 0 0 0 0
2020-01-24 0 0 0 0
2020-01-25 0 0 0 0
2020-01-26 0 0 0 0
2020-01-27 0 0 0 0
2020-01-28 0 0 0 0
2020-01-29 0 0 0 0
2020-01-30 0 0 0 0
2020-01-31 2 0 0 2
2020-02-01 2 0 0 2
2020-02-02 2 0 0 2
2020-02-03 16 0 0 16
2020-02-04 16 0 0 16
2020-02-05 18 0 0 18
2020-02-06 18 0 0 18
2020-02-07 18 0 0 18
2020-02-08 26 0 0 26
2020-02-09 28 0 0 28
2020-02-10 14 0 0 14
2020-02-11 30 0 0 30
2020-02-12 32 0 2 30
2020-02-13 34 0 2 32
2020-02-14 36 0 2 34
2020-02-15 36 0 2 34
2020-02-16 36 0 16 20
2020-02-17 38 0 16 22
2020-02-18 38 0 16 22
2020-02-19 40 0 16 24
2020-02-20 44 0 16 28
2020-02-21 46 0 16 30
2020-02-22 46 0 16 30
2020-02-23 56 0 16 40
2020-02-24 60 0 16 44
2020-02-25 68 0 16 52
2020-02-26 74 0 16 58
2020-02-27 88 0 16 72
2020-02-28 112 0 16 96
2020-02-29 61 0 8 53
2020-03-01 188 0 16 172
2020-03-02 268 0 16 252
2020-03-03 378 0 16 362
2020-03-04 491 0 16 475
2020-03-05 295 0 16 279
2020-03-06 747 2 16 729
2020-03-07 857 4 36 817
2020-03-08 965 4 36 925
2020-03-09 630 3 18 609
2020-03-10 1776 14 37 1725
2020-03-11 1301 7 19 1275
2020-03-12 3577 18 37 3522
2020-03-13 4536 20 37 4479
2020-03-14 5264 57 37 5170
2020-03-15 6149 86 37 6026
2020-03-16 3692 66 21 3605
2020-03-17 4462 164 53 4245
2020-03-18 10918 232 132 10554
2020-03-19 6533 321 132 6080
2020-03-20 7791 389 132 7270
2020-03-21 17963 503 132 17328
2020-03-22 20728 574 132 20022
2020-03-23 25412 724 132 24556
2020-03-24 15126 1021 140 13965
2020-03-25 17843 704 140 16999
2020-03-26 20970 1764 150 19056
2020-03-27 48236 2336 286 45614
2020-03-28 27062 2922 286 23854
2020-03-29 29954 3349 286 26319
2020-03-30 34281 4097 171 30013
2020-03-31 38815 4883 314 33618
2020-04-01 43789 6226 314 37249
2020-04-02 96981 7535 327 89119
2020-04-03 53699 8986 343 44370
2020-04-04 57772 10503 215 47054
2020-04-05 61422 5882 229 55311
2020-04-06 66738 12886 422 53430
2020-04-07 72224 15029 460 56735
2020-04-08 77387 8589 345 68453
2020-04-09 82293 9706 359 72228
2020-04-10 86660 21597 588 64475
2020-04-11 90273 11673 966 77634
2020-04-12 93812 24624 626 68562
2020-04-13 98017 26093 304 71620
2020-04-14 102365 14135 323 87907
2020-04-15 107465 29946 368 77151
2020-04-16 112808 16059 375 96374
2020-04-17 117798 33865 394 83539
2020-04-18 122534 18081 414 104039
2020-04-19 126394 37019 436 88939
2020-04-20 131260 19090 446 111724
2020-04-21 136035 20314 638 115083
2020-04-22 141540 21171 683 119686
2020-04-23 146708 21855 712 124141
2020-04-24 151689 22873 724 128092
2020-04-25 155453 23689 774 130990
2020-04-26 158926 48123 778 110025
2020-04-27 163630 24376 807 138447
2020-04-28 168357 50666 813 116878
2020-04-29 173807 26118 857 146832
2020-04-30 178771 26754 859 151158
2020-05-01 183501 27454 892 155155
2020-05-02 186731 28039 896 157796
2020-05-03 189708 56756 901 132051
2020-05-04 193091 28565 910 163616
2020-05-05 196780 58736 926 137118
2020-05-06 200616 29937 934 169745
2020-05-07 204387 30395 970 173022
2020-05-08 207439 30975 997 175467
2020-05-09 209589 31250 1001 177338
2020-05-10 211911 63346 1002 147563
2020-05-11 215500 63745 1015 150740
2020-05-12 218895 32270 1023 185602
2020-05-13 222195 65934 1032 155229
2020-05-14 224813 33071 1043 190699
2020-05-15 227334 33422 1047 192865
2020-05-16 229406 33833 1058 194515
2020-05-17 231232 33900 1058 196274
2020-05-18 233809 34046 1090 198673
2020-05-19 236867 69933 1099 165835
2020-05-20 239579 34876 1116 203587
2020-05-21 242133 35149 1134 205850
2020-05-22 244174 71891 1142 171141
2020-05-23 245682 72394 1149 172139
2020-05-24 247037 36039 1151 209847
2020-05-25 248650 36143 1161 211346
2020-05-26 250309 73707 1161 175441
2020-05-27 252118 74572 1166 176380
2020-05-28 253854 75331 1167 177356
2020-05-29 255362 75978 1172 178212
2020-05-30 256469 37467 1187 217815
2020-05-31 257539 37527 1190 218822
2020-06-01 258983 37613 1221 220149
2020-06-02 260453 37863 1224 221366
2020-06-03 261802 38117 1212 222473
2020-06-04 263040 38247 1219 223574
2020-06-05 264150 78852 1228 184070
2020-06-06 264944 38648 1230 225066
2020-06-07 265662 38702 1239 225721
2020-06-08 266756 79435 1255 186066
2020-06-09 267915 38946 1257 227712
2020-06-10 269101 39110 1269 228722
2020-06-11 270108 80563 1278 188267
2020-06-12 271162 39317 1282 230563
2020-06-13 272050 39424 1283 231343
2020-06-14 272857 39451 1283 232123
2020-06-15 273888 39480 1284 233124
2020-06-16 274971 81674 1293 192004
2020-06-17 275970 39710 1304 234956
2020-06-18 276990 82172 1313 193505
2020-06-19 277974 39861 1319 236794
2020-06-20 278640 82630 1319 194691
2020-06-21 279264 82704 1319 195241
2020-06-22 280156 39976 1322 238858
2020-06-23 281038 40070 1330 239638
2020-06-24 281815 83238 1345 197232
2020-06-25 282512 83486 1361 197665
2020-06-26 283151 40333 1363 241455
2020-06-27 283785 83887 1364 198534
2020-06-28 284192 40404 1364 242424
2020-06-29 284812 84000 1368 199444
2020-06-30 285216 84209 1370 199637
2020-07-01 285279 40576 1372 243331
2020-07-02 285285 84612 1373 199300
2020-07-03 285787 40666 1375 243746
2020-07-04 286412 40698 1375 244339
2020-07-05 286931 40717 1375 244839
2020-07-06 287290 40728 1375 245187
2020-07-07 287874 40782 1375 245717
2020-07-08 288511 40839 1378 246294
2020-07-09 289154 40870 1378 246906
2020-07-10 289678 40904 1378 247396
2020-07-11 290504 40921 1378 248205
2020-07-12 291154 40930 1378 248846
2020-07-13 291691 40942 1384 249365
2020-07-14 292931 40986 1385 250560
2020-07-15 293469 41010 1386 251073
2020-07-16 294116 41034 1403 251679
2020-07-17 294803 41060 1403 252340
2020-07-18 295632 41069 1413 253150
2020-07-19 296358 41080 1413 253865
2020-07-20 296944 41090 1413 254441
2020-07-21 297389 41115 1414 254860
2020-07-22 297952 41132 1416 255404
2020-07-23 298731 41141 1425 256165
2020-07-24 299500 41173 1425 256902
2020-07-25 300270 41188 1427 257655
2020-07-26 301020 41196 1434 258390
2020-07-27 301708 41199 1437 259072
2020-07-28 302261 41220 1438 259603
2020-07-29 303063 41254 1438 260371
2020-07-30 303910 41254 1438 261218
2020-07-31 304793 41274 1439 262080
2020-08-01 305562 41287 1441 262834
2020-08-02 306309 41292 1444 263573
2020-08-03 307251 41293 1445 264513
2020-08-04 307926 41311 1445 265170
2020-08-05 308832 41325 1446 266061
2020-08-06 309796 41343 1447 267006
2020-08-07 310696 41355 1447 267894
2020-08-08 311461 41358 1449 268654
2020-08-09 312574 41363 1451 269760
2020-08-10 313392 41381 1463 270548
2020-08-11 314542 41394 1464 271684
2020-08-12 315581 41414 1472 272695
2020-08-13 316729 41432 1479 273818
2020-08-14 318190 41443 1481 275266
2020-08-15 319232 41446 1486 276300
2020-08-16 320343 41451 1486 277406
2020-08-17 321064 41454 1490 278120
2020-08-18 322177 41466 1493 279218
2020-08-19 323008 41483 1495 280030
2020-08-20 324203 41489 1544 281170
2020-08-21 325263 41491 1544 282228
2020-08-22 326595 41509 1547 283539
2020-08-23 327643 41515 1547 284581
2020-08-24 328620 41519 1550 285551
2020-08-25 329821 41535 1551 286735
2020-08-26 330967 41552 1551 287864
2020-08-27 332509 41564 1564 289381
2020-08-28 333806 41573 1615 290618
2020-08-29 334916 41585 1622 291709
2020-08-30 336668 41586 1624 293458
2020-08-31 338083 41589 1682 294812
2020-09-01 339415 41592 1709 296114
2020-09-02 340929 41602 1742 297585
2020-09-03 342708 41616 1750 299342
2020-09-04 344686 41626 1756 301304
2020-09-05 346513 41638 1806 303069
2020-09-06 349500 41640 1824 306036
2020-09-07 352451 41643 1824 308984
2020-09-08 354932 41675 1827 311430
2020-09-09 357613 41683 1831 314099
2020-09-10 360544 41697 1845 317002
2020-09-11 364088 41703 1848 320537
2020-09-12 367592 41712 1880 324000
2020-09-13 370930 41717 2146 327067
2020-09-14 373555 41726 2152 329677
2020-09-15 376670 41753 2184 332733
2020-09-16 380677 41773 2190 336714
2020-09-17 384087 41794 2201 340092
2020-09-18 388416 41821 2213 344382
2020-09-19 392845 41848 2227 348770
2020-09-20 396744 41866 2228 352650
2020-09-21 401122 41877 2228 357017
2020-09-22 406058 41914 2238 361906
2020-09-23 412245 41951 2247 368047
2020-09-24 418889 41991 2282 374616
2020-09-25 425767 42025 2303 381439
2020-09-26 431817 42060 2333 387424
2020-09-27 437517 42077 2339 393101
2020-09-28 441573 42090 2352 397131
2020-09-29 448729 42162 2368 404199
2020-09-30 455846 42233 2373 411240
2020-10-01 462775 42292 2383 418100
2020-10-02 469769 42358 2389 425022
2020-10-03 482654 42407 2396 437851
2020-10-04 505619 42440 2403 460776
2020-10-05 518222 42459 2409 473354
2020-10-06 532779 42535 2417 487827
2020-10-07 546952 42605 2425 501922
2020-10-08 564502 42682 2474 519346
2020-10-09 578390 42769 2488 533133
2020-10-10 593565 42850 2495 548220
2020-10-11 606447 42915 2503 561029
2020-10-12 620458 42965 2511 574982
2020-10-13 637708 43108 2535 592065
2020-10-14 657459 43245 2551 611663
2020-10-15 676455 43383 2561 630511
2020-10-16 692112 43519 2565 646028
2020-10-17 708298 43669 2572 662057
2020-10-18 725292 43736 2589 678967
2020-10-19 744122 43816 2613 697693
2020-10-20 765487 44057 2626 718804
2020-10-21 792194 44248 2636 745310
2020-10-22 813451 44437 2652 766362
2020-10-23 834010 44661 2657 786692
2020-10-24 857043 44835 2676 809532
2020-10-25 876840 44986 2685 829169
2020-10-26 897740 45088 2702 849950
2020-10-27 920664 45455 2719 872490
2020-10-28 945378 45765 2773 896840
2020-10-29 968456 46045 2799 919612
2020-10-30 992874 46319 2811 943744
2020-10-31 1014793 46645 2839 965309
2020-11-01 1038054 46807 2841 988406
2020-11-02 1057021 46943 2850 1007228
2020-11-03 1077099 47340 2906 1026853
2020-11-04 1102305 47832 2925 1051548
2020-11-05 1126469 48210 2931 1075328
2020-11-06 1149791 48565 2951 1098275
2020-11-07 1174770 48978 2965 1122827
2020-11-08 1195350 49134 2983 1143233
2020-11-09 1216747 49329 2998 1164420
2020-11-10 1237198 49861 3008 1184329
2020-11-11 1260198 50457 3018 1206723
2020-11-12 1293715 51020 3031 1239664
2020-11-13 1321031 51396 3089 1266546
2020-11-14 1347907 51858 3108 1292941
2020-11-15 1372884 52026 3121 1317737
2020-11-16 1394299 52240 3135 1338924
2020-11-17 1414359 52839 3148 1358372
2020-11-18 1434004 53368 3206 1377430
2020-11-19 1456940 53870 3242 1399828
2020-11-20 1477214 54381 3260 1419573
2020-11-21 1497135 54721 3310 1439104
2020-11-22 1515802 55120 3322 1457360
2020-11-23 1531267 55327 3333 1472607
2020-11-24 1542611 55935 3405 1483271
2020-11-25 1560872 56630 3445 1500797
2020-11-26 1578429 57128 3454 1517847
2020-11-27 1593250 57648 3462 1532140
2020-11-28 1609141 58127 3500 1547514
2020-11-29 1621305 58342 3514 1559449
2020-11-30 1633733 58545 3570 1571618
2020-12-01 1647230 59148 3589 1584493
2020-12-02 1663467 59796 3602 1600069
